1
3
4
60
70
50
2
2147483648
2147483648
2147483648
2147483648
2147483648
2147483648
2147483648
2147483648
2147483648
6283
9009
14475
30150
29737
25603
11872
17372
22207
13970
20755
27856
27539
10457
5157
18908
19896
9020
22453
26811
27120
14576
18331
16123
11383
4461
18468
25833
8562
25677
10950
32513
16799
20729
10573
13199
11299
199
10081
11575
12606
12985
12448
12097
11370
15940
2860
15058
26239
16450
152
12875
2273
13221
22923
23336
21825
26438
335
16864
863
10113
19428
3646
20951
9037
19396
22544
21027
8684
12713
4836
28223
9894
243
29084
26707
27309
21095
10917
27244
1688
5055
7325
17753
30983
26004
3621
19544
18134
19971
26688
26063
15091
24489
9832
19258
2376
7281
25090
16025
3194
26130
27275
28809
23975
13189
3104
9859
4031
27431
10992
10455
23667
20459
487
1940
22599
16094
9942
22956
21521
25900
31292
9025
9144
10978
1793
6188
11232
12567
31726
27470
11043
18917
9398
26098
17404
31137
28661
30476
32566
24611
23810
32575
11282
30773
6607
17046
23039
5194
17532
20210
13963
14704
4949
22962
22961
5799
26205
14653
1278
25829
8469
2614
4318
9686
19061
202
5963
26607
9205
22340
22102
946
28638
2688
2174
10565
5874
14788
18727
30454
12534
6029
19036
10485
11357
19233
1845
31603
22500
26968
23489
5784
30907
23344
20116
613
24120
811
6738
7671
5489
26339
2866
19962
12922
10824
32713
12157
28841
7438
23975
15562
7008
30045
415
17445
11954
20411
8437
5046
23862
19790
27831
13550
6525
12487
31872
30660
6103
669
25240
10903
24990
32431
22009
31645
20977
25869
1611
26849
13218
32607
4901
14017
2091
29352
4755
18210
25980
2065
26968
25884
24230
9729
16535
21623
3195
4352
20355
27330
8708
2520
5004
9955
16801
23790
23924
17484
8915
32189
17482
1660
30541
8379
6350
6928
1546
10383
7405
22659
8983
4089
17486
5253
23988
6683
2908
26768
26529
15579
9293
3718
11548
13460
10919
28021
27915
3553
31262
5251
29553
15224
321
31549
1889
19619
2392
7126
21806
26101
24047
9270
1106
29700
2116
24312
13177
29072
18941
24225
21313
28509
31607
3170
11754
11579
21300
15823
10420
26715
22702
11373
31564
4469
14032
20381
4815
12587
21789
5327
31325
10299
5593
526
4479
24016
22011
30249
17244
7633
8557
23027
15128
30014
32490
2549
3640
10531
27214
23448
31607
31830
16972
26966
14774
4917
8149
9884
10375
1853
32347
19123
30677
1640
13286
2921
14973
11891
21434
4779
18303
4692
3216
3081
28520
28444
23201
7578
14455
21006
16119
10067
28362
12065
28572
16313
16479
24367
17623
17222
29113
36
30898
9778
24520
30430
3501
5350
20745
19269
30628
3381
18867
21497
8981
515
23209
19560
26143
11699
1288
8698
30381
13752
24819
6048
13650
26361
7312
31694
20532
17782
2201
15684
29129
25546
16680
27842
22718
27104
18897
4873
25266
25417
3876
14712
7738
15729
352
25766
10310
18798
30059
26362
19772
23942
23304
1944
18462
20011
18075
13824
4093
29623
4644
22007
919
27351
6704
8505
29855
15248
15910
332
18573
20924
24407
27222
30661
20944
23515
12565
1308
13250
16415
81
27208
15902
21734
5370
29051
28674
18986
26674
19296
15244
12015
8473
16892
14868
17681
4404
11749
28800
2768
7765
32390
23995
30439
5134
31064
20747
23132
103
7660
13393
30527
2966
19216
21996
7201
23688
16147
11711
12114
0
18312
31288
4446
32090
19514
18589
5207
3938
14171
1096
28845
7666
16149
12127
22996
18044
19420
12173
11783
10401
9685
4120
24451
12173
10287
26032
11092
29564
1617
24401
26496
20277
21102
31758
10313
31133
4122
29181
22785
5523
5179
1022
29343
28380
21780
27845
15707
30614
16767
7755
1624
7622
4034
15962
25875
26578
20851
9083
2795
7878
11259
5109
30579
17237
20100
1950
20321
10637
10561
13235
814
25999
11714
28314
27043
27494
20022
23331
1518
9652
32648
479
12509
10458
12961
13221
14180
14989
10650
31627
14495
32015
7482
4311
22909
16245
21956
27926
4990
2955
2657
8379
7678
23223
27471
19111
16156
3900
403
10580
31729
26352
21506
9836
10492
30638
26029
27923
16665
32695
27161
23606
10750
805
11137
22935
30956
5841
12189
13721
9911
27239
14086
17916
27589
4297
10017
12388
14230
8048
19610
23791
31885
10977
16569
779
3139
10645
4911
17618
28669
4726
18617
15783
18329
25403
21949
16026
11120
3418
18692
30151
14283
18190
1823
9627
14999
14935
27874
13154
17605
3605
9835
31896
7619
13477
4833
17260
15673
6156
28412
11328
29916
19524
10539
6825
7173
12452
11265
10844
23240
16894
20759
6667
28138
18766
28708
2851
32035
14753
8814
6866
5812
12092
16523
9133
2533
29144
26956
12933
2712
23578
19480
25306
227
4658
25733
8135
8109
18770
25489
3665
9598
4556
1436
6456
25686
3306
4403
32079
5395
15425
8091
8018
32532
7144
17664
12879
3047
15456
25876
19121
20539
32403
3324
5576
9880
5809
26462
181
6360
13551
29477
20267
12523
24462
8379
6905
4007
22554
24676
6548
31362
5662
17883
29152
23105
13027
8513
31447
22940
19907
26413
32544
25812
27221
6261
19918
13266
18851
14217
24626
15990
3206
27953
2110
24301
26627
17028
17897
839
617
24637
950
21889
20340
7535
4941
30994
22431
21494
25142
5797
25271
4773
21442
11922
19215
3945
21937
30510
15923
15397
16038
21974
10093
10443
29715
13716
14266
13418
23978
3804
13925
27583
919
24790
21897
25717
27227
8248
31428
7294
13885
6051
29543
5866
1435
20290
15746
16894
14870
10047
20541
7005
11263
15412
18054
21074
17948
1720
21910
14831
18157
9687
9090
26043
6746
19600
18315
20339
20040
11474
18657
24170
23478
26279
5957
21952
30692
18634
28334
16346
17969
4161
30386
28628
31360
8381
1
3370
24637
32598
12256
21230
25017
2918
31787
9429
24005
31430
10084
13144
12248
21616
13828
5666
14724
14131
10513
16161
20862
24435
7240
27394
1080
17766
27772
30036
13084
15682
23526
31595
2789
5186
17252
30630
23402
23950
25019
2945
5045
27917
12127
25109
899
16833
8934
25013
28975
26282
30619
3626
14316
7227
7441
2
22043
13528
29004
2165
942
27483
17979
4807
29391
17249
29358
18744
15758
22049
11852
15800
18776
32026
2458
9983
29473
20256
29556
3062
25749
9766
25617
21264
2550
6228
21928
21096
31262
3892
16008
8034
8087
7566
4458
5510
23995
19265
30269
15352
25829
16536
24000
14837
19469
10090
19213
571
5915
7492
12501
3797
25896
23589
19082
24757
18733
27994
19839
9641
17000
26913
10041
14097
4272
12199
21580
29620
20949
11875
15543
25194
28772
21776
24777
26399
31278
488
22052
9097
10726
744
29675
3049
5582
18437
24165
22938
23542
8024
32250
19379
174
21183
12664
1700
5993
8375
9799
10077
8699
16249
28709
10792
29940
440
29873
26682
970
1917
28552
414
29758
21225
1021
13293
18796
3460
7578
7923
12241
7352
16002
9306
15654
21155
26656
26983
3787
24245
32459
6590
14727
9014
27344
18792
28044
16719
22659
8694
15960
22925
29021
23104
25561
30419
22929
6706
8928
30352
5667
11848
11282
30198
9631
14847
13418
22753
20596
4677
13482
15276
18663
29133
5544
5002
9472
19208
14784
2337
32739
15135
8896
9570
27436
17057
4697
23128
29707
16268
19274
11742
26367
4677
7154
29583
25029
5103
21967
18144
16718
9115
16110
15034
15363
12528
1066
8513
23753
22871
6666
24928
16673
7573
17671
30422
12942
18109
29376
15143
20385
11772
9904
12353
8324
26337
23805
10466
12597
17400
10109
19250
28457
10866
25100
10322
19205
30449
31783
15628
14415
9469
1663
14651
4259
26400
14938
10669
24573
13273
12995
17962
19128
5466
29429
32426
28853
16804
11748
30614
24134
6088
27356
25961
32541
31641
10958
30001
4678
2274
23478
18133
4817
12389
27279
9270
2099
7232
25178
20816
9072
22845
24078
9944
29035
30
28987
9074
28067
7097
21413
15795
275
20403
9116
5250
15367
10496
30991
8916
16553
21377
24674
4483
23117
10627
30570
8089
11622
16892
25584
27723
3368
1780
18282
9636
32645
11491
4345
2346
25919
24940
17044
9882
29411
24784
12640
19671
3718
19311
10574
574
3668
25615
14448
2906
24673
18438
15989
12605
24091
1331
5428
15191
9887
22925
27395
16136
23957
5544
29161
18530
30000
18554
2463
17669
5705
25655
10214
6447
11659
11001
6525
10513
25866
18111
28623
12338
28814
10630
29446
26341
6875
30057
23959
16749
550
14158
11809
16403
29886
1453
23357
11179
14061
12467
2754
26503
3476
3935
27297
5959
27623
24284
32230
18253
12509
22411
16495
30249
18810
8884
7591
24963
186
21686
6518
17921
7066
20365
3627
24658
262
1118
29532
21057
26799
4832
41
12239
2245
26344
22595
29439
25725
31137
27890
8664
4359
4308
5334
11956
27331
29952
28772
31588
4222
24709
32482
20442
20104
3622
10934
17845
12662
3785
63
20803
13017
1155
32389
2556
16429
10072
8376
27029
30701
3941
26945
29770
17701
22948
29398
26191
848
12573
2828
30803
26510
27362
20140
17853
20438
3963
1147
28227
14419
31041
15111
29597
1565
10579
16348
18425
23459
27564
17681
13758
6534
19104
11404
30210
17196
22435
17023
16158
28554
28555
13700
15209
8241
13824
24450
8660
12379
24809
9514
17165
17283
9190
1338
30715
9372
12262
27192
18214
17120
17026
10892
3052
22958
20323
7329
23780
18524
15032
14084
9635
3747
13423
448
14989
16815
68
14375
15320
13761
22657
19813
23747
9055
30631
5201
11152
21530
10967
13060
5625
19608
20969
13824
30788
31380
21368
12381
18583
21699
4622
2104
16152
94
25325
23298
15612
30684
23588
16
14651
11089
1690
16136
18172
30794
30968
11004
24647
9336
27614
23230
19851
32132
8907
6627
14402
15010
6933
11268
52
29394
25666
18001
7560
3459
25019
571
12357
15004
6133
13342
29599
31937
11242
27434
16299
11136
5821
1097
12068
8937
8608
16354
13202
24600
1956
32143
29065
3046
18599
10932
19344
3783
29956
8191
28127
30232
30548
22688
4802
10855
9259
11036
1677
19466
19548
243
10985
29755
6994
29162
4978
16903
1658
29325
21537
29822
21229
30457
5219
5103
20067
32448
7548
4566
7182
6232
29992
22073
4111
3936
11731
11209
19045
20185
13486
22360
32554
29247
21902
10437
24343
5345
29300
24748
1696
11851
29037
30085
19243
6497
26784
13295
26027
30241
7791
14556
17919
2284
32444
4424
21589
24965
8160
22137
31117
30062
11414
346
31055
31244
25890
29177
23783
25015
25870
16874
9530
8327
18275
25943
25682
30282
17346
15424
26327
30114
4208
23776
11439
16668
13235
31464
26786
2620
8145
9796
3671
6903
160
25402
15401
26319
23366
30534
29223
534
6510
13875
29530
27702
3791
22221
32162
20879
14676
24421
5629
13366
3188
21679
1987
15477
17980
13841
27580
24455
22329
14058
6359
251
2844
13607
28477
12191
19477
12545
27536
593
23268
494
32283
21234
18578
8596
12900
8133
540
8428
4193
31126
13096
15942
16064
30259
20015
4085
28168
546
9413
22696
12231
24926
8142
12638
28121
29857
18319
11970
27246
2888
23885
13608
4184
18495
19487
10192
8676
13115
15978
26710
1708
10274
30380
14877
31700
26931
28510
10449
30931
12034
29606
18207
32251
2451
22933
3945
27171
15919
20806
1979
24117
13390
14470
8805
21862
18543
10789
5840
29606
22881
17153
16155
16902
28470
26158
31721
9901
19530
12564
16417
27650
8981
26641
364
5724
7145
7155
7057
28080
323
10553
4787
28320
1702
20741
27527
11939
30189
14574
22671
12999
24308
10170
25643
30919
10437
31158
21243
11469
30273
26487
32213
1631
2265
6879
23832
52
12334
28423
21042
30384
22845
21973
21014
28757
13128
30511
1964
23407
3113
32394
17129
7319
8292
23417
12856
21491
17732
4969
2798
14074
370
921
3486
12622
9881
19500
7060
16609
4872
8456
15521
6207
30567
11264
23113
7738
6689
14262
14887
11670
2009
27032
17328
9863
6935
23635
32591
21486
29924
30123
31218
23685
18329
25833
21408
29688
28560
5022
13824
31297
30429
25332
11131
18917
2531
15649
30533
7110
14208
21003
7638
3660
17284
25812
30332
246
20041
24518
3520
27746
16280
15556
10546
17933
23318
9865
2758
31081
4677
11415
13210
4793
20567
19596
18369
5128
20166
47
12493
11661
15903
17097
22132
32439
21846
11484
21827
31453
26702
2252
21530
7926
24740
31436
12576
20276
7301
4311
21584
7688
23729
12549
30877
12614
4676
19606
11393
31280
14209
10390
12714
19289
30685
31165
5010
1663
22869
4157
13848
14441
10451
2559
29581
30722
30219
28930
3518
2501
14520
23240
20888
2343
8032
13671
11695
23839
23358
30732
4363
7912
15971
1590
32517
29351
27419
3225
22897
23150
10703
555
7491
23132
29672
22757
16356
21206
13681
23837
30500
13730
17634
97
10469
6839
6560
12304
5941
23425
13244
19128
19900
16466
7704
105
10380
15608
27541
20877
12582
803
6773
11258
27856
7394
121
10425
23346
292
3384
11874
18879
27349
27303
22353
23728
31281
28808
3462
7241
8107
23312
6644
5494
13919
21162
17038
9122
7133
697
3129
6761
3967
3306
3347
1419
2317
27269
8057
4353
5537
9679
27455
15017
2111
15605
6962
4798
11956
20449
31653
14865
20612
25797
25079
16448
19999
498
22675
22018
15952
19674
11087
10010
19676
14168
14638
21169
9821
27780
2453
15678
20680
6627
15060
27935
11116
25607
18007
17280
14834
27438
20513
19426
14626
10500
26320
4435
10364
2889
13155
23609
26353
9422
11434
29879
29581
19762
25767
27690
5002
26254
14458
9981
1069
619
2586
27506
20239
8336
10101
10104
30313
11261
16813
5377
18225
1641
9558
25250
13946
20008
18096
32417
21485
12760
7427
1445
23859
32143
2261
138
5550
7944
3029
371
30695
8158
29369
6747
8947
23596
8050
10017
17461
16869
20647
20164
30393
13883
31837
26460
28353
6247
25000
8014
22745
25572
23668
3191
5202
27685
16503
30900
6443
2528
7873
15243
26004
4619
26364
28853
19434
13437
13843
21374
8079
15737
9235
14077
27182
17850
3698
9080
14745
9439
28046
24648
22484
25726
19458
19597
31354
10136
5889
27314
32270
30027
16233
15695
16067
9678
17281
31445
30621
14730
24178
12407
31582
791
7853
12529
31166
32162
28743
30232
20541
7190
5979
8578
7789
25176
13674
31839
4263
7383
15325
26235
25448
30172
4337
4718
15492
17020
5308
25980
24989
24413
28824
14881
868
24781
27928
28683
11150
14234
3500
15346
15470
3351
5864
31811
21526
7708
4057
17458
25664
25000
5971
4168
4575
1070
4558
12052
5949
820
865
9909
28397
19932
21534
15116
12206
8920
27749
9330
29092
2978
26017
25844
28517
9359
18235
12083
4468
9904
8461
5508
16153
23289
18893
22242
20610
17578
8667
29614
22531
20399
13627
31271
21264
25216
25724
20314
31341
23586
3193
11602
2789
2689
24348
19848
27455
5777
24836
539
1579
17788
8696
19875
15408
13242
21103
6796
6339
26887
32020
25968
19465
5230
3971
4407
411
9366
5886
19790
26864
8289
1830
11559
12276
708
24051
11230
15212
21992
6317
24614
8859
18341
32207
24915
15522
25618
5228
28383
12861
30183
14546
9479
13226
32125
29534
15752
22067
29459
304
9368
17430
20439
19550
1091
10109
21420
2384
637
10553
4067
20896
2222
6621
11876
24442
28411
28558
29715
23388
8241
10112
8612
29480
8248
2701
23985
24287
22155
5969
3275
9135
26597
15555
17591
29901
7568
10383
30538
22454
13979
5920
30663
21126
7169
18929
7978
15404
8292
15825
2772
6707
24423
1468
18996
20532
17776
25517
19284
13850
15088
1149
22071
23648
27681
6861
18388
25744
50
8322
3684
32560
22979
26813
6584
21089
4473
24510
2624
11222
18890
17627
24910
7059
6905
716
21754
2293
11229
31298
8833
26941
614
9645
15847
25482
9482
30205
30920
24016
11488
30398
1307
26805
26916
26454
7244
3166
15073
20588
683
21877
10563
7270
14211
12204
8478
31665
29711
20088
26187
566
19824
8099
24892
22802
20209
24740
31190
7833
32547
12364
6809
22179
3894
22705
30727
18737
19872
734
23021
6325
22443
14783
22440
178
29263
27352
19072
17624
7280
13412
21391
3209
8073
6903
4414
15105
30798
31925
6241
19297
5695
21839
290
7858
21845
29011
16610
2987
22813
8014
4311
14004
16507
1745
17028
15526
27107
22676
2384
2068
5615
21175
14640
12328
25407
27012
4331
21682
17143
15235
17619
6788
6108
17213
3180
19468
1003
26473
21431
27210
22516
21
6029
18900
6892
19954
4142
2994
8493
20049
32378
21360
32283
17583
28294
23244
19391
7899
22758
15827
4292
26443
5797
18594
18329
15394
13358
32485
16973
28274
22551
131
24259
421
21802
4104
7661
1086
22087
2003
32349
16557
28784
5820
23403
693
27604
23372
6360
17202
15451
13627
23772
7239
11753
30732
14431
4979
1348
24098
12077
26066
23407
31768
16943
28842
27891
8679
8722
30731
23016
21780
15783
28264
17994
26870
19503
24318
19110
2585
4564
12408
18281
30347
15862
1810
25538
31274
32340
28324
11067
26950
14473
20944
32315
3363
20858
32232
13392
19233
5450
23857
23575
4935
24915
21229
5088
5111
4092
4173
28108
13823
13879
4755
18704
24249
3017
26451
9874
26147
25025
31506
31027
16775
19900
15036
25572
24508
28955
25107
30280
10365
1125
8773
11767
30670
19150
24998
7523
7080
3414
22280
5839
14309
28306
30567
12733
17970
19996
23857
23733
10139
31747
20808
28595
8317
4961
32338
32233
4173
1453
20481
9057
2327
2552
20717
13123
17948
10851
6656
17554
8215
193
17635
28357
28278
20512
7674
19519
31160
23012
17823
9588
7261
24476
9286
18599
30191
18817
3077
19700
21962
24422
24686
12306
12963
10776
19410
32320
18850
29364
12960
18989
28552
26801
23653
5403
32155
843
32546
14659
11850
20645
15583
5199
10858
17771
6073
10035
24703
30873
18150
27029
22556
15732
26125
5908
27943
18238
24908
1831
18744
17607
1977
9046
11457
27027
22056
8739
30123
20530
24705
31194
2801
1505
18447
7869
25799
2126
22740
3147
18886
915
24577
332
22686
3607
12694
6649
30274
2871
5640
11040
30028
2436
23716
28928
707
30088
902
31650
3579
10842
13638
25001
26589
7838
25726
21910
16185
26560
12469
1075
24257
28589
29479
19887
31036
30169
15536
1605
18767
6164
31866
30782
32649
18601
7748
21562
32434
10969
24436
25269
30884
2855
21183
12593
24492
20834
21894
8365
28666
9213
4235
12790
11604
2200
21446
18521
8925
8985
28222
20778
29096
2799
6530
26380
28063
526
9998
22584
26524
32482
24338
22038
24752
7510
9140
12336
23699
31358
4825
12528
14150
30249
14471
21356
12766
13158
19137
28585
6685
5108
17054
20241
8373
7455
2436
2425
10826
3779
31794
29300
19937
13201
6744
19978
6710
29914
21013
10332
26384
31311
13890
32329
17509
31917
4241
26689
12208
7893
28976
9458
20929
3065
23448
11787
30136
25030
22680
8860
24330
12787
4739
31270
29386
28067
11730
28954
16128
17139
2057
25425
695
5245
26538
5667
7770
24967
1355
9771
30187
24231
20903
22
21318
28171
13096
10807
23236
14355
1940
17245
20966
1386
12421
4610
570
29445
31931
31673
20343
14708
12192
30840
22633
31344
11364
3068
28759
15896
15229
16758
18673
32350
2236
8519
3698
31442
14279
11722
19184
8333
20845
32664
11036
27056
23832
3147
12446
8048
8388
25034
14410
8646
4722
19292
15415
28957
26819
10198
6799
105
11652
20993
4315
20462
27654
20452
14873
5074
26270
14190
13336
19154
20928
13678
5442
20182
4417
73
26478
2818
20303
31907
830
6875
16922
24913
22064
10911
22691
30400
540
16313
17050
17916
16884
15754
27143
13246
21766
14787
28249
18187
25640
12587
11860
17877
30812
7072
18164
25958
24816
26429
1051
11566
28175
16668
19884
6846
21005
1418
25296
1141
25911
14985
14533
20422
4747
6293
10506
8139
30741
770
13684
216
10989
26124
28084
31047
25885
4382
5592
29516
14861
29849
9720
23886
1261
7166
29655
32355
16405
17919
15367
4171
27175
25494
26770
458
18435
28686
28343
27428
19728
30642
32397
13670
4221
10543
3504
16288
22857
3732
15274
29297
8428
4609
14278
24481
28695
5619
9640
31595
30216
11720
761
23303
23114
983
28548
547
2920
4379
13282
27612
27861
13475
23601
20906
16833
14960
25225
27974
20366
14147
14175
30747
28263
436
11417
19268
5838
24242
15601
10608
8636
29100
1519
25603
8263
13070
1441
27624
2
14335
25609
21495
13732
21099
19085
17323
16708
9335
15140
31916
15536
5095
17660
15248
9289
27393
19431
24602
7456
17155
9527
1017
31579
17943
13100
19433
26433
12620
16527
5112
8432
13252
15659
2468
16680
962
26245
17215
6021
15875
2424
30148
27924
3095
25724
22535
26563
24598
2959
1730
27320
12922
11592
31261
13400
17606
28340
16857
12240
13556
13423
13694
3969
552
11931
26246
8900
5908
22818
29669
24359
12833
24627
28080
30170
27642
9511
30211
25152
8189
29747
24166
12341
13871
27400
6730
12603
15233
24498
19627
19161
8294
25467
28942
30266
3067
11835
16949
17561
14329
2073
18245
10215
29627
8757
31692
27285
31288
6438
20752
12520
29586
5309
25434
27132
25419
31964
32561
5029
22186
26530
2368
27171
18118
5796
3579
9337
9483
11788
17536
29344
16210
16933
18286
11162
24026
28692
25105
3469
31501
25792
19890
8972
9364
13078
6841
17873
20207
21185
10949
18613
5391
27005
15909
13714
24803
6156
27525
15992
975
19125
411
1554
17649
28371
11036
5338
18319
12247
5091
21400
32387
28490
1361
15292
4139
10150
19742
11452
16257
30134
15045
5211
2055
20894
9727
22204
6336
1268
1049
20971
20833
3546
3970
19032
7870
7592
16954
14843
10919
1132
3034
27828
19367
25678
3385
28454
20503
15542
751
20212
21446
14290
5307
9751
1684
1318
16361
30912
9476
25328
9601
32728
31910
13858
14378
32152
24542
1638
24599
20899
16898
22704
11371
665
26410
10518
5270
22491
2837
16199
4822
30425
27550
30241
4406
9075
10230
11358
32615
3038
23493
13975
7070
21759
3464
4611
14311
22717
10080
14439
9483
9242
741
16800
12849
26277
12718
13855
30
28140
30774
27779
24702
14944
15689
21859
372
7912
26355
4755
6798
3218
3768
31943
19082
20242
23507
21856
20029
12919
17149
18147
7019
24173
30383
14245
26670
30410
31547
3829
18768
16804
11265
8147
30530
17943
20780
16126
13371
21736
7185
29125
274
287
14880
15688
31215
1907
25795
3028
11690
21047
14491
7663
22454
13191
3165
23468
22004
18279
30639
23672
32692
14893
3485
31661
18271
648
27502
11323
12701
25283
4257
24105
2730
30917
8824
11053
13788
13765
15866
1475
31018
1688
6438
19885
17081
14604
239
31372
10094
21982
1802
20094
724
22054
4701
24493
29698
24434
23947
9241
8181
18929
9807
19582
7543
18864
25576
26922
8766
23199
10541
28060
22259
8398
1093
32472
24537
28077
10189
20485
11966
30416
2331
27808
19102
4163
31939
1628
19493
18622
3550
17528
17848
24393
29322
28161
10240
16530
24198
30639
9481
20226
17865
20270
11687
29129
29492
7140
27445
838
14782
8644
30478
3432
24605
12075
20592
14976
28897
29578
9620
24645
6781
11597
21439
31825
24654
23244
15236
10777
29108
11497
9887
21894
1773
31426
31378
14578
22086
14619
28815
26040
19979
28209
3942
9904
10873
9207
31491
10329
8271
32438
2739
8490
1546
22624
17191
24036
21134
3441
14929
19655
30966
701
32134
12158
18122
14792
13449
27437
30888
12153
25154
9311
7598
23396
20172
505
20833
337
10497
14648
19980
8127
29493
27221
12383
22214
7048
15442
21410
24420
17599
31338
553
1743
23043
10493
10630
27905
8578
715
14089
26217
18560
9130
14914
25854
32646
2115
11533
20023
18441
4085
28912
15605
17783
25494
13050
24324
22212
3060
26796
17058
23431
22045
20676
11379
25155
17886
15103
29136
16386
5031
31919
1347
17035
2652
30674
13336
20490
26837
11978
8998
26229
22715
1888
470
17726
14250
20842
21798
23209
19744
7928
28890
11472
25963
4583
6478
5973
30126
17238
5209
5377
19672
14725
30413
12842
11924
13639
2361
16442
19811
26087
23344
20647
22824
3471
26426
20713
4473
22643
2961
8812
7457
12916
2636
19316
1277
23138
9683
797
14197
1131
15757
15109
6954
10269
13688
11844
15642
12171
5831
7078
32165
9641
13684
1236
10800
2753
14745
7537
12179
6001
11036
25666
25968
23435
16257
21207
16292
25629
32538
15641
3559
245
7657
1688
14340
17995
7617
12240
20690
17296
27746
27869
17558
12148
15994
30484
27778
32221
5446
28443
6083
15680
1727
3955
28742
14366
25511
6060
28664
18059
29155
8488
3076
30832
15883
3352
24084
15321
29617
13429
5587
4753
6852
24358
27304
6162
6397
17270
18514
21205
17164
5386
27782
7967
25617
20171
6576
9469
32278
30288
10226
17056
26522
23767
23471
32048
11293
30537
10380
20563
9244
22529
31561
20326
23499
9588
6400
29868
6721
31516
11672
2961
2328
9654
29936
3666
18674
21494
5997
6591
482
23703
6045
1242
16460
1848
17562
31075
11445
27155
23157
2358
2725
30591
649
10841
23196
30653
24633
3572
22488
25149
23623
5222
21605
21373
28991
3071
12484
21563
13168
13261
3248
10637
17670
20690
13250
18844
21801
13524
29558
31753
23179
13077
23722
16921
11657
11585
11084
19940
21511
26122
23415
10625
1187
9987
28668
22173
31934
19572
31650
4240
5643
28034
8052
7204
9112
31852
13899
11844
18987
9237
1618
10059
30481
20211
3756
27130
24616
5008
7687
544
10309
5777
24373
23668
30677
4523
5023
19797
19717
23992
6334
702
11656
25998
30005
13906
4890
19021
12048
8093
10837
23017
1145
21822
10026
24429
18704
25338
15400
11528
8884
12939
8043
21819
23842
4102
12408
13933
23033
6417
21045
23293
16430
11320
23367
28416
3421
5372
30624
31743
30557
6374
30044
2323
2103
11598
13694
8020
30123
21672
3182
12964
2574
28185
30518
19290
24095
30601
2535
22291
32086
26991
19527
29963
28120
23751
21113
13191
12184
29498
10181
9272
11757
16941
18246
4148
31488
3780
10671
29281
29180
8084
20752
10727
14868
15756
26600
25723
8225
4377
23898
28560
5692
4264
11528
12498
29290
15730
16544
31154
15698
9317
10090
21907
31242
18678
26442
20778
16419
1344
28593
8860
20942
21119
27614
23835
16673
6119
27903
13168
10072
9673
20213
25107
4523
14022
17309
9951
22368
2005
24156
8040
16844
25728
21872
135
30795
19779
14794
13317
30854
299
26565
4194
12233
32395
42
27470
7513
31446
12437
15643
32443
32015
10011
11706
15689
23048
26887
7463
3483
1770
9904
6457
10873
6323
26824
17477
23976
732
29083
7942
6994
77
29590
8279
26471
29481
22682
13885
15280
31017
13584
28248
29887
26923
21342
26049
6038
7346
14862
4553
29922
26255
23835
14997
23554
23802
19067
6758
20180
7449
2102
20163
4736
23778
14324
5080
5473
13725
6040
7339
15899
14078
8420
2832
7560
2559
30617
2855
1851
29888
13811
7652
13411
31620
20851
11843
27083
26886
26049
10803
19363
28418
7679
10706
23586
31375
26238
2750
4078
6586
17061
14578
22310
17751
1114
3721
25593
14751
9317
10121
23467
4498
17214
26363
11374
7881
28263
24470
9926
13970
436
7224
30971
1020
26547
23979
11175
2755
14743
18027
18104
32545
30840
24923
19301
29567
27502
16027
25907
18782
25340
22504
26044
24307
21240
20755
22560
27793
19020
31112
32739
17626
29426
15943
23134
9461
29292
21304
23579
16464
8529
10289
29356
10130
565
5756
24308
973
14512
21952
24538
10467
3768
6191
26166
6597
3006
16868
7857
9821
28432
23166
24195
14320
18419
16114
17498
12159
29869
13378
5132
27785
26646
18922
19636
119
23739
12694
17851
11892
5652
18063
2525
27351
30675
28041
28526
15485
29670
20160
22978
6044
15782
6257
29390
1983
14792
12688
1263
1285
23637
30021
24786
15150
26441
13959
1403
8228
27009
17115
24028
25402
16670
29991
31438
8192
2937
28320
2278
26338
13710
18849
14777
25860
8519
25203
2718
24944
11836
16840
156
17389
20192
32677
32214
2721
12052
1434
29742
10744
12808
29527
5732
9685
372
10532
6544
4661
13148
8192
11310
14467
27121
8910
24115
12246
13456
1420
19934
18267
1386
6106
17983
8479
15522
23340
31865
10988
3954
13607
28422
15927
13306
4883
29284
19620
24138
3138
31928
16158
8668
4786
7505
30111
22367
31482
27665
10416
3786
10354
32218
10735
24502
28578
15474
10084
25910
2025
5944
3548
8534
26205
7148
27810
16701
25547
23334
23891
20611
31571
24754
8643
12802
19648
4680
32468
19040
8428
7786
26028
14097
5730
18325
17748
23130
634
26288
2101
4960
23462
6480
3799
8060
15906
21661
24994
6957
27035
26541
25357
9558
27216
30337
27413
747
23452
13623
2637
2702
6870
608
9547
14232
508
7660
4351
9955
23385
31416
29385
12311
2323
24885
13239
29565
28418
16247
19976
7431
2701
31320
27966
24378
1133
25418
23936
10969
22428
3058
2098
25359
4736
12183
15800
15821
4453
15705
26887
9497
10895
24898
28064
18809
29397
9956
29316
1087
25593
18917
12412
20596
13267
215
31301
4536
28251
25206
26804
16548
8543
3943
23147
26596
32251
6396
28921
2813
10710
32070
14621
21419
11607
21845
31229
29955
26555
21098
2716
15454
7280
21200
30450
26514
20194
7229
1617
583
11333
16022
2456
426
25276
24910
27052
21489
17784
247
8848
29190
14011
20437
22011
9572
4534
24807
7829
2611
23935
30424
13970
28359
2524
9628
24713
7823
30666
17272
9600
16480
13017
1564
21616
16806
19323
17640
9063
26672
1549
30105
23684
6908
16053
8490
167
561
12058
6416
11705
3427
11651
10081
10824
12242
24231
29850
31440
14859
25783
1647
5208
31281
32488
22050
5156
28731
30188
8752
8451
4373
17997
11895
17472
27611
12255
6726
12478
10447
3098
18714
1897
8415
24770
14232
31053
30562
25895
8710
5062
26265
2195
9748
8203
29712
27018
2678
7493
25893
4938
8382
29112
7217
760
9457
27809
4688
29227
12477
8640
4842
26883
31143
27725
24594
29848
32375
30504
309
23812
27109
32399
14330
18132
14846
10388
18855
4969
6273
25117
15184
24163
3357
9246
24776
6947
22339
19516
19721
11465
1773
21021
11075
25604
25543
17910
15932
4835
12756
4142
22768
7847
2955
6092
11008
10591
25752
25830
24919
23027
6251
28409
15365
11866
29685
8785
14030
16130
26174
16760
32016
24400
13644
15434
23844
8492
4976
19383
14346
29700
2512
3256
18610
31467
7740
8198
12497
12939
5139
4324
8288
12160
10566
30519
31774
23979
9494
8142
23720
15547
28231
12209
23096
27491
26033
4380
8947
10017
1858
16144
2985
13895
9937
16674
22382
10498
3714
19840
23906
29938
3295
11274
311
2563
2882
15461
23875
4180
16874
14804
23703
27786
10080
24258
15620
4687
11803
18741
22364
32740
2671
21113
19262
92
27322
589
13640
11196
3608
31573
24635
2506
32540
14110
22095
8092
24152
5458
3422
22200
10247
1126
3130
27783
26205
3001
15992
3434
1017
8768
16456
25442
22427
16209
15583
379
2576
30811
28053
31000
13631
24203
9553
14710
4436
18303
12011
6115
2291
24417
1475
26319
28987
7869
24919
20551
14959
288
3905
18350
9598
4798
11372
7997
6824
18544
1665
14291
22669
13299
17423
21435
27566
15737
6871
29959
21616
23194
2112
29862
25975
16813
3331
24677
18481
26378
24748
29895
4833
17463
17193
28563
21605
25054
3594
26480
9949
17424
18382
23926
6623
20465
1827
26336
20525
2707
31063
28000
24521
10434
7040
10838
8003
17287
32048
3711
24712
10952
23563
31234
23635
32605
20552
31467
7463
6205
10736
1728
25172
21497
14573
6462
22359
15173
25802
24972
27760
29839
32286
13050
662
1919
20183
21278
31264
2619
1275
13160
14596
31904
5590
28135
4743
571
11874
16684
28546
27908
20875
7752
21758
5807
776
14540
9051
30593
32722
3418
15975
466
9381
7853
10525
32221
30341
17248
11359
15100
18538
28007
18362
20078
22924
5844
32030
31099
13849
28202
25172
20162
17284
24913
16092
11273
21854
26240
32722
26680
1291
16480
13735
7274
19627
8998
26385
13274
31275
31337
13039
4068
4754
1875
11859
866
21109
21233
29986
24348
17617
6423
29452
19152
28703
21802
5263
25710
12098
25318
5539
22372
4815
11369
19575
17239
14763
19805
22172
15074
5621
23475
363
17081
8508
15912
31932
21399
10694
20122
13427
2839
15623
14025
9390
29444
17378
32320
18101
26403
916
10522
6258
14977
11519
28833
14280
23674
5477
24627
30895
22265
12045
14225
18847
2084
20042
4159
22768
18542
24317
31139
28869
27790
8513
24148
4411
2623
20425
14339
6858
30832
22977
27267
1475
3479
27654
15656
18538
18996
19188
5011
21340
26318
6212
29339
15539
24365
17342
3909
9011
9829
22816
26513
2017
31251
16375
11635
11038
28861
19647
24927
30193
21706
19065
30893
18021
18708
31549
8874
995
32242
18148
19044
4914
32570
5356
22000
8762
24368
1535
24357
15028
19847
4065
13234
17371
9497
17861
19308
19929
14054
30173
22061
23610
11685
27198
23126
2038
526
2805
1777
2627
28019
20373
28422
5043
2421
483
7888
16055
10739
18655
20796
27294
27286
22983
23515
19025
15624
3356
29418
13408
13507
17667
8700
20983
26234
9581
22211
27233
15084
5367
16861
16763
14182
22741
9684
19861
5347
6571
25552
5929
10629
10744
4837
5914
30772
20148
15550
6359
28340
10204
4973
8390
18566
29589
3305
20724
30621
5666
13211
24671
16916
27308
29762
17805
26176
18703
7276
21567
11003
30091
6444
19885
14899
10557
10394
24971
17183
25103
26194
27270
18621
10023
10086
18119
1741
19862
28810
19424
3628
2670
6519
29617
8504
16824
25141
21886
2609
19593
28979
10282
11690
17259
777
6883
26173
942
23799
274
28713
12708
10651
17932
25432
19308
19005
16326
15560
5139
5248
14636
10757
24778
18260
10405
10735
19564
3671
9560
32750
11717
87
11053
18617
13374
9437
29021
15940
8911
3068
10103
11531
21221
24081
2854
7093
22880
25921
13028
14291
20892
7982
14864
19159
11882
24575
10867
13709
5684
2954
17877
29953
22798
1051
25326
17034
16785
15717
27362
29365
7280
8466
22396
24185
8561
23886
2257
3652
22154
12599
25185
32255
6234
27455
7096
4104
11109
13998
1048
5030
16710
6311
11346
27357
5737
1063
21113
24476
22682
10237
6873
23110
21554
23440
32725
18511
3992
4072
7966
17159
7741
27064
2959
8389
6961
22497
6699
8366
22420
1663
19243
14601
22104
1479
1827
14192
25754
4856
970
6381
5079
18601
8357
30433
26111
5576
17535
19013
20527
23329
9703
11313
5943
23930
12448
10796
25976
25868
14348
21817
19099
24596
25107
31577
16480
4274
21675
18449
6966
16025
25617
14140
31393
15539
12076
12123
8777
7187
20536
12813
15668
17799
24551
31157
10454
13884
27930
30757
30560
7138
28019
22689
1579
17589
1983
16423
3246
14548
16801
21421
23448
236
23619
26587
246
16369
8475
19491
14270
26304
6493
22609
28947
28389
14204
23525
13942
18020
10168
29032
12098
14406
12049
14152
1392
20767
3374
27024
14277
7262
14044
27202
17181
31847
77
25629
1512
24591
13905
22955
8388
110
30068
23575
10956
28606
32572
28981
30553
20634
19458
18506
8636
6838
20427
29785
10271
24298
30344
2384
12191
16188
13458
6622
27203
31794
28296
20906
6816
19351
27064
32098
24026
29029
28504
15810
17856
29780
24815
6046
22011
11573
8672
7673
5525
6452
27232
30262
8192
1858
20196
32556
23636
19641
20739
19048
15866
4564
14772
2399
3145
10518
3396
4755
20043
24966
20272
11038
30953
13821
15654
22016
29884
13531
20927
12143
29898
10422
3728
12790
11053
17169
20128
12607
29109
31125
26523
14178
24879
11963
14314
3233
30895
24745
15386
29268
5917
14928
5437
3126
32621
1356
5148
26177
5137
3734
19879
25048
28351
25091
2375
14757
20990
14673
15733
27041
9711
12654
25302
28516
20185
23248
26208
28366
28458
32311
7173
17801
27113
32478
25396
14478
15246
13534
30805
21556
25095
25882
14578
29309
11124
8482
4400
17423
2140
5864
6746
12923
27561
22300
6447
7286
24510
28967
26042
20996
16959
26537
13500
18183
24420
18734
8983
2675
16297
8643
21382
19363
6085
16612
29730
6346
8401
8192
10793
4253
25288
5722
4732
24020
17093
25336
15318
9238
16993
17155
16112
17263
21023
10060
8655
26479
25274
19480
26154
8699
14424
15027
5737
25671
7977
4627
29611
6281
4830
25972
28225
5996
178
29895
26617
20904
6328
14020
23127
17160
4644
11581
11772
22948
25673
19907
4109
28392
7880
7037
20549
11849
28581
30625
13321
5124
24781
26386
2299
21007
976
3610
2808
20967
25152
8158
19566
1390
16515
11802
22454
12185
6730
7606
27712
1466
5804
6993
16065
8323
7891
28543
13323
31906
8109
21923
29604
17160
30724
32094
30411
18466
24468
12154
8154
24691
28492
11754
9058
16451
4160
10765
5917
3442
27901
1450
31896
15151
13535
25055
5368
25773
19046
15511
8019
16050
21521
349
14035
301
22733
13273
18554
798
19526
25702
7415
19228
23387
30872
4784
6779
9652
3077
16437
8076
30618
26424
16737
26111
27107
2471
32029
13508
32200
12465
1257
1472
22248
28704
26294
1473
6941
20522
6252
7838
21928
15154
7323
24361
18513
927
31537
6787
27544
28522
29421
27682
1520
47
24656
26167
18971
30198
7444
18589
27908
28423
21521
20966
5502
14058
27869
29274
9174
1652
32297
23614
15626
8466
25101
26347
3912
6377
3257
1182
24955
424
31103
10516
7197
2736
24449
22549
3013
3792
9904
10842
20578
1441
24112
27955
30598
15901
15538
6912
15138
29094
30244
24906
32471
3069
18531
2563
3451
11606
13658
28581
23772
10559
3780
8152
21835
26995
15329
23854
8923
9419
10284
13234
11862
23809
12686
10674
7706
31674
11646
32121
24721
7160
26932
4019
3133
12207
22158
18494
3940
16067
15405
959
4512
16687
6799
17511
32080
12146
2342
26261
24601
18270
3265
30852
27126
29215
10730
3223
22941
31410
2133
13943
32704
20903
27011
27563
18369
3109
604
3956
14050
28816
20305
4571
31899
29142
27181
1265
9864
25221
20600
5416
10729
9266
4823
10746
4418
24632
8560
3881
10885
11885
7009
11252
20915
7275
21926
21051
18432
21698
24429
4731
6552
27040
23484
16834
27575
3723
2605
20366
8262
1146
2064
7142
19776
29229
1809
8831
30316
2563
3328
7080
23798
23598
32676
7268
17496
12901
19794
5611
12675
13373
13400
22702
21374
4842
6891
1031
11391
7912
27587
10345
21189
12149
19475
9591
22241
7916
13629
26249
23665
23243
4680
23179
4942
15625
15439
14162
16696
5630
13118
24462
6373
6246
716
21899
29982
9244
30378
13570
13434
25792
18624
108
20247
16451
15391
24998
13252
25240
10718
30274
6497
32273
27543
25251
28518
19258
1529
16050
16060
21311
9888
4500
11465
7579
21530
7945
20327
20636
25642
18885
21127
21624
18794
5959
27070
4772
29442
23178
24104
19921
2464
9529
360
2400
13145
29494
14561
4074
30659
16819
7129
793
15288
20993
29761
11539
2215
20366
15795
2917
23755
17178
5698
1214
1240
19642
30684
20209
28134
19379
5383
10173
15931
22764
7151
17552
26943
23881
14902
1419
6121
6399
21327
6801
25262
18183
24404
13644
13979
21146
15262
22554
24110
16427
2272
18219
4265
32435
24134
3491
483
9449
5259
22850
12211
19294
20890
6333
31160
19492
1843
27982
25883
32238
27840
27302
27009
18081
16358
21354
5279
29981
7097
18388
23945
4339
30377
7310
3235
15847
24682
9374
22938
10851
3192
28010
9490
608
14782
12571
14135
6562
32035
22896
32387
30977
22774
10719
3778
2832
2250
19274
4134
24122
3632
11867
11885
11127
18913
4868
7400
27703
22578
163
28567
29071
14513
15607
20097
11737
22043
10763
1289
12986
7831
4609
12701
1729
13571
12794
27565
26317
22669
22852
23230
7183
30626
21566
3155
15314
13336
17591
5863
16849
20015
15242
540
11776
15903
4358
17556
9685
7254
4520
28460
608
6883
648
25802
25434
24469
24766
465
29886
11983
25753
8235
2037
11010
25139
16639
31792
23259
8455
5264
19617
300
17990
24419
13153
24537
19615
11573
6001
21716
26411
23977
21580
3948
13810
23504
25629
31821
22862
14291
20372
20201
27579
29520
14530
30137
31857
11783
7853
15324
6123
1871
10781
31274
13309
26790
3029
28686
21349
13335
32050
5573
27126
24356
2654
21113
21497
20241
14594
2332
17965
292
6489
20555
5852
26033
32134
6001
6528
20055
24973
18454
16830
25644
17922
22877
10511
14602
29789
23150
17198
11238
22577
15701
25185
1797
31166
18841
9119
24895
16529
5178
18563
18882
9465
12970
23905
11133
18549
18395
21429
25869
975
24156
8447
47
13749
20577
14425
32444
5549
14813
2989
14085
28178
2807
6817
5575
23767
18877
19992
14120
22068
10633
6313
17198
16548
1552
17424
21657
15326
9244
19226
16167
29902
12653
6064
18450
28926
2288
8700
21047
26758
31108
26182
18208
13732
31851
29806
490
1334
31228
21923
5846
27551
20296
24069
20953
8409
18521
30310
31768
10454
14680
462
19069
4063
12930
9353
22016
18527
12895
13519
16651
27789
30456
25886
17865
12297
19128
19932
18026
13729
31409
10301
6204
19003
15028
8459
1869
32570
23343
7467
14531
17236
30854
19422
31067
28836
16945
16693
20345
22557
6404
31342
7862
3239
28959
31880
25974
25250
6256
6125
7060
14673
18498
15083
16376
30403
21850
11307
32512
8698
378
17320
30749
29217
5903
13221
13473
26468
3969
15295
19761
10045
17247
16434
28801
17939
11626
26913
5926
25391
22523
28583
28687
15886
24950
9803
15867
22501
6675
3587
2824
2017
3576
14601
13434
24658
1304
15471
30332
4525
14783
25515
4703
19689
1632
15113
28131
9408
32678
13655
2154
14296
425
13409
32131
30962
2608
8899
29169
10730
3438
21813
21123
16273
26834
1570
31693
11640
24017
31583
23023
8209
26468
10848
18787
14714
7221
13408
13921
23253
1864
14517
5052
15518
18376
27521
5421
26983
3388
10819
25556
15034
17339
410
23827
20241
7511
32685
23896
3023
5470
31934
26420
18055
26670
31632
28568
10873
16360
22330
29598
15180
13138
2433
12468
8618
31014
1448
32439
22511
18333
23145
22882
26643
1601
22635
7109
27849
18112
6166
32271
24475
26595
11081
9074
22468
11536
17121
25353
3320
2842
5017
16609
12797
5581
30963
27998
1270
27508
17207
6307
16416
8185
26838
28845
12563
6779
21421
20515
24283
20261
22559
9220
15804
8402
3208
59
21456
15348
21114
31579
16374
1514
2179
5280
16826
18643
15669
32754
16610
27224
31461
9107
22160
12860
19905
2197
13304
32754
10923
3667
5495
5567
3131
6274
14423
30173
22528
3909
18294
18785
11211
18610
20881
20296
12245
7250
27160
31442
7349
2462
12257
2264
24006
16406
4725
7280
15044
24880
25238
3139
24293
19365
27948
7698
544
18876
6427
24235
30472
844
15389
22239
2622
16324
4862
2627
4107
24677
22110
26267
1945
29308
24195
12042
3667
14735
11301
26204
29395
16742
26258
21560
30677
30425
20435
17645
20329
15981
7142
17791
25870
21955
10403
10052
10948
31989
26318
31853
6460
22646
30772
28251
26397
26576
9560
22628
27005
25291
10941
10185
17268
17403
14844
521
26632
1103
32209
26595
5097
23301
28831
9587
28384
4657
8786
3267
3020
16825
32311
2289
17616
2611
15009
24765
19107
17944
3714
13741
12004
11543
801
17722
16488
7081
21246
25081
30391
9754
7713
19758
16215
12121
14678
26034
12803
12079
21341
16482
5474
12047
16724
8427
20995
26274
22253
10003
11
5943
24711
1442
29599
27559
19610
12699
31579
13264
29080
27550
3636
21142
8221
31723
13342
22262
26544
7551
10341
18334
4472
9116
12871
12367
21092
21357
16911
10332
22191
18867
25824
31925
28034
14066
1443
24054
7698
28882
12855
28501
564
29776
23750
26900
31771
29947
20089
17481
22340
981
18168
5848
24919
20476
30013
20199
24074
15047
4517
11873
14407
6888
11247
6548
28240
31565
18421
24300
10798
242
19192
4570
20478
19362
14263
4511
14633
32257
13192
18592
16495
28353
3774
2653
14130
446
7877
28211
11536
16665
1018
12801
2145
13950
13644
25960
27122
27368
29660
18205
27413
29481
24833
16372
31869
6114
6573
1762
14032
25597
7568
4246
7624
1635
30439
1988
7944
28411
32313
481
1392
8696
20292
15801
25362
28435
645
14419
11866
16058
253
11120
3850
6934
3772
8564
8778
61
18481
11297
2301
26483
19741
24702
9392
18158
1843
25472
9765
3898
19075
3521
21356
2592
25276
22887
12682
6443
5542
2371
11106
27850
7260
424
24539
20029
16431
30585
18635
14017
32277
18785
23289
28384
29239
19069
5827
32111
19111
26504
13294
5762
30749
1992
12106
26624
4383
18729
30276
11015
8648
9776
29926
29457
2091
28292
20676
12929
21316
21915
2741
13159
21969
14554
11586
960
28477
19137
25206
30493
17844
29087
11266
994
10505
22085
32285
28904
23215
20340
8644
1695
30765
11350
28647
25092
21131
28217
3363
6591
338
2039
1491
6351
5003
14394
6257
25694
30910
13130
30984
6514
24332
18782
2664
22896
28319
20463
1277
22196
29299
5727
29295
3765
26406
18748
12596
29461
13807
32484
20388
18802
4110
24396
10925
26877
4154
32283
22426
26970
18359
24276
575
17033
28624
26617
20981
30066
20338
7147
13743
8762
18379
12334
27782
1990
13931
32412
26804
22323
11802
19548
1596
6458
23794
19428
7771
5296
22157
2031
6012
5318
28953
18652
8902
17273
5434
25589
9936
27469
21525
26607
14048
21016
17217
5832
21315
29730
14971
122
413
6290
20472
19272
10882
1432
4930
5847
10864
31440
15646
6988
16115
27489
31187
17671
31416
7714
9138
20460
15334
10090
23074
19067
10808
4053
8447
32255
4622
12646
24521
13974
31538
23154
14767
27738
16077
16945
26303
11200
7203
26734
24408
20993
28201
30956
6856
24100
19444
23671
15022
20723
21472
14115
14015
31156
16786
8042
17843
11984
7218
15303
13171
31447
26742
17160
29470
745
17343
22337
19020
3224
9659
15164
15358
19000
23537
19491
12070
11143
28183
30490
8955
13615
27450
24167
24301
26856
8061
26638
16957
27705
23604
4388
8255
19367
25562
12621
26985
13059
19594
20167
8473
14742
1165
26587
6149
7745
25623
26331
22012
26388
2330
26150
30411
20560
28976
21101
19196
10839
29171
17205
29023
20856
27170
213
24073
25168
5483
20052
16554
2236
9059
24144
32687
32014
25140
1856
6198
9458
18258
32635
10832
1964
20190
2784
22132
7061
6263
20612
19234
23375
18407
24689
16436
17249
26221
11099
13283
17929
15968
24101
956
24459
18441
8905
4425
2565
28572
4530
24122
30995
30809
15379
12148
14487
4777
21838
13559
5200
15820
26166
4860
6105
26212
26294
28417
28086
2418
25810
18431
29069
1055
17266
7955
24727
10244
16293
5019
22065
23044
28730
12161
6975
8146
22885
8997
9302
22054
2751
8881
25304
8282
16489
28785
14035
4346
18705
10598
10270
29319
15011
28382
20917
26486
18332
9959
13758
27992
20809
13033
32521
31354
11979
26374
28843
7228
32113
19431
22371
27812
24813
1134
31328
616
8500
9068
23407
32063
30050
19068
24821
15728
9443
2824
2480
17525
10263
8960
13021
8557
12704
9060
8785
18737
32765
22612
16165
14826
31439
31698
23323
29245
15793
23461
32718
20897
16779
13712
9048
6096
8789
7008
6760
24705
26043
13503
7348
16134
22142
14090
8777
1765
25766
4552
5102
10191
24022
12472
14420
13710
16706
10525
31166
25542
31657
15073
21509
25154
10262
23296
32353
12222
14772
3228
11719
6324
30130
19058
16604
28087
12724
16454
26435
9306
24604
5992
22401
8336
5223
6440
26236
29519
7036
4013
22069
22461
23444
1386
14716
8924
30455
11751
23215
14167
20417
19962
12963
16643
21325
7002
21485
15710
10022
25301
19025
13188
24789
5191
4922
6193
28338
14278
25666
27635
18981
5738
13578
31178
26145
24115
13734
28048
18894
20109
24200
28882
7645
22270
29331
14131
18296
21793
8460
25467
23154
8103
27429
2829
16169
27723
22523
25082
16915
7464
21160
18322
29828
18832
12425
12872
15167
21027
19499
19647
17538
1791
5304
31267
27955
29422
3979
16796
12543
21583
17108
4237
26464
1911
21540
14467
16886
15311
25294
6170
4503
5349
349
12706
21084
21567
19575
27261
26731
29648
8688
15430
28757
5667
11971
24429
4041
11904
8090
31058
12120
27568
18468
30586
10295
30417
13578
27294
30185
19810
2628
5298
28759
7113
22614
9697
5858
10082
12222
4031
1077
3130
267
18418
4357
6033
21137
3153
22750
31874
2868
8527
7659
19773
11498
2650
25595
19214
13575
2200
23191
5037
4724
18145
6922
25413
27472
1454
3085
21346
1770
18573
22952
26677
13174
15803
7527
914
11968
26976
19695
3856
11580
28035
30418
818
29001
7405
21405
14712
15780
3619
17263
22234
9729
15626
3124
31635
9856
29354
6089
13058
4711
22557
31067
7564
11670
9700
29698
21091
4448
31675
24419
31350
5449
12158
7492
31032
1921
28575
22122
2447
22093
32241
1221
27003
22528
5504
15082
30381
7492
10309
4111
4679
18170
2828
24552
18856
31303
579
11253
16172
13383
23184
378
9853
2757
22514
4028
11553
6406
1858
9701
2380
2776
8521
6529
3753
9088
31407
19791
20835
1325
8021
16671
11490
26253
27554
5650
9961
13957
1209
22911
28580
7237
5251
31162
28319
14195
32518
5639
18599
9108
3066
8205
32586
6861
20337
11184
27734
17575
20010
28328
6335
16753
5712
12285
12085
25985
19194
1833
27245
23911
27013
23395
25764
31327
4580
28043
31988
11208
9560
31260
28178
13911
21717
4095
26783
28334
10614
13623
27421
5884
15085
25601
23413
521
15387
16261
31339
12428
29835
251
3754
3648
24796
21716
27936
8193
24728
20648
27975
10010
21318
17606
27263
30283
2476
20463
8339
18689
15948
3478
20968
5115
5878
3674
26572
21888
4949
3969
8290
16936
6277
1289
14145
25880
15621
15932
5265
3594
1052
10149
7303
16505
4155
15431
5983
6572
9986
11179
2050
6645
18861
10021
18049
26984
20957
19314
1105
6665
26683
8175
20076
19755
25824
121
10030
24565
3601
13308
9913
23663
8021
11304
17295
16154
6911
13752
30347
28711
24776
12583
20292
9482
26687
16654
11111
19270
13983
11723
15072
5086
7184
3406
7049
3480
14604
24924
9205
29331
12931
27196
22169
10385
29286
24859
1031
2337
9826
6423
22046
9808
546
22418
31911
3904
29782
28674
26412
16078
4619
22275
21038
7269
22687
32166
18580
5479
21667
19004
22481
8927
31789
6599
1945
1890
24516
1643
404
16614
1719
6469
22739
10265
14085
29321
15765
22825
27276
26268
22811
10977
26536
32009
6076
27686
2721
31081
5565
28302
2109
14800
19681
27974
15600
2130
619
27621
14711
3105
3877
8027
26642
11198
28082
304
14238
14239
18639
11883
9278
11255
1014
23387
28121
4592
27151
11619
3268
23804
19624
24660
32566
1968
31786
1567
10163
4011
30451
29121
31489
15070
4759
21702
16512
25938
3032
13748
26019
27060
23980
2637
1225
18088
23983
15290
22775
26562
8414
28574
18236
28920
32334
1916
502
30655
26884
10843
2681
17226
710
19606
16632
8900
14757
17670
26957
30305
1898
5152
5848
27087
21147
26324
1463
24541
17700
27952
15881
6930
3406
15394
11332
27618
7731
17263
27100
7420
2879
32165
7332
1683
18592
21096
1566
30850
20981
28631
26158
11860
23939
31702
23043
6843
9129
2512
24677
22233
6646
8556
31581
17439
29682
25802
21708
25092
10540
24414
28496
10703
10542
23091
7995
3854
8159
13983
23123
14621
18592
22159
4601
5568
9386
21666
5412
10317
30997
31843
2312
14465
24250
19564
653
7324
9189
16520
28346
13325
29493
27830
21253
15891
1655
8541
15155
14062
5305
19858
32041
15963
26138
1047
13061
25216
25232
10829
23116
945
8188
12791
27969
640
27936
28336
9203
30661
31667
23172
16672
18936
28
27571
2589
6577
29685
32025
17572
7973
953
4688
6729
30902
7681
8223
563
12779
26044
18579
484
22928
21466
18267
18512
9897
29930
26584
13159
24073
19011
11129
26050
22658
30316
23700
11033
16131
3545
19492
10560
18360
9947
19154
17776
26805
25450
26404
13941
32566
20634
27480
2188
19597
25716
19090
31205
28477
20639
10407
8734
10389
27464
221
20241
3608
32516
13640
14328
14732
13623
25796
7536
30232
30784
31792
26694
6773
16186
7116
13969
16624
29749
26027
30283
26541
11911
25082
14534
29472
27864
32528
5455
17650
18675
4388
6413
595
25502
26823
721
1724
25250
22542
7572
13770
3510
28915
835
31917
28638
867
4851
17191
25013
26343
31500
29904
14517
5882
8565
14917
16068
24018
19475
12675
26715
21705
1956
30323
11905
18415
17289
9324
20873
7858
370
9286
11235
6828
20783
10856
25830
29952
9
6213
13669
16160
7118
3587
10135
30829
29676
21088
17641
27558
6151
17940
10080
11900
10760
9849
9949
5983
4394
5056
32281
24478
13456
31300
24769
31220
18321
9594
16590
20659
26696
6336
6548
28473
17405
13350
21449
20151
1353
11444
7455
3452
7429
1267
9410
26020
13450
32742
2125
18946
28276
20971
27544
30342
9503
20322
20569
16966
15952
20550
26312
6844
26475
29427
20653
13025
32128
118
30162
29656
15625
20015
19415
17397
10642
3241
27992
21582
27938
12678
10760
4130
24506
22043
10448
12432
24817
18284
12115
9397
7698
2930
17536
3396
15698
10784
14450
7202
16871
30575
26724
20814
8176
8450
14633
4432
21689
3420
17237
13796
10962
26834
28501
25314
16753
15728
19111
17519
12252
26549
16612
5208
25927
24429
4751
15070
24983
16101
2280
30158
25661
1014
19878
5183
31068
18923
1089
9835
2031
12184
20288
17224
32265
10330
25558
9651
21638
18718
7302
20787
18579
19980
20289
2610
13537
28193
5379
11616
18421
26626
12363
11392
17773
11086
19161
9357
24191
11668
3642
11411
16681
13863
2373
24979
16250
13300
8316
19450
16367
15032
12470
17260
2951
4074
10140
17933
15119
29701
20526
14587
1356
138
11132
5321
27600
17415
20174
29349
26947
22822
5221
10190
5517
13207
16175
32007
7294
17697
16183
31938
433
20604
14664
26173
27511
6385
16925
12624
11080
21089
12608
8460
20857
6007
15926
4663
2047
15831
5636
13605
24028
15621
12925
20219
4131
14484
17968
16007
26591
2630
11861
1278
28564
3570
20006
20822
8460
25605
24150
8984
16651
25580
23967
8196
8988
19186
8204
10450
4279
9189
18980
14548
13674
26656
20312
22484
22605
1376
12861
3344
19581
28978
12932
18315
7788
4988
842
7599
3573
27981
14367
17778
29617
2173
32014
20560
1796
19310
23415
13102
26961
6809
29288
24279
11116
3123
15660
26607
7873
28478
10725
5769
9150
15233
28106
10999
31183
15089
26615
20938
27571
23598
2018
21177
13439
20501
24434
32322
16939
25751
11111
9197
16085
13930
7344
17215
9288
4730
23927
21761
25363
13616
2831
24423
12044
26328
17146
29424
16427
26492
13157
26371
5929
19808
6451
580
23834
6923
12553
8140
14455
18433
29650
2445
22525
21210
8959
17899
4327
1379
22894
7626
3389
24797
3785
31827
26082
31392
28791
24165
2351
12084
7565
16040
14315
29812
4082
13892
19440
9547
14869
605
21908
11043
25007
1514
29873
18168
3492
23508
4771
22057
22352
26658
13154
14559
23074
7213
4166
763
20122
11520
31839
26070
29676
20624
23529
23153
31073
9972
14070
10044
30833
4348
12414
26569
960
25197
15688
2896
23353
16945
27446
24159
23211
15668
26910
24927
19186
10604
16797
19543
8050
9193
29555
24736
32350
27336
13489
8825
25534
7475
22839
32718
28775
11564
20118
268
26069
22754
13910
30487
24233
18368
19526
22780
24504
23952
25278
21554
25000
8998
21879
17997
15734
12806
24349
14718
21800
24965
15815
11195
9165
17732
16905
12458
10604
13861
4798
11231
977
12482
25133
18402
7456
28321
23236
19594
16638
9785
10508
319
30611
10133
29571
19774
22446
9749
26762
29552
23425
7072
32615
6869
20593
21587
17414
4622
30082
29268
10416
753
24579
6379
10851
7943
15099
4017
1757
14137
12570
29027
16065
8659
31127
32140
20126
16288
24277
14372
8284
14413
6206
16963
30204
20350
4584
18548
24419
31872
32022
25672
1320
21663
28165
21459
27646
4003
23231
26022
18645
21939
2501
519
30469
12691
29562
31093
7086
4727
26993
7954
3866
12165
25634
8460
23673
15343
1064
3957
27746
21462
23655
11462
13363
13261
8101
26503
4115
1435
18255
19550
1039
19869
8710
31679
28433
28617
18811
27137
5592
15053
16761
9974
5934
27963
1774
6049
268
24441
14072
10836
16452
21875
5561
28265
29630
7065
14125
17473
11922
4358
24304
6105
31228
22333
16624
1760
31
20622
24745
15760
2290
3931
17806
17657
32597
23845
28270
19960
12622
14854
32154
21202
8987
31871
21552
20372
22853
26569
3418
13996
6559
25927
24703
720
23370
32005
2788
18837
9999
27761
18265
21716
29128
7964
17739
1965
18270
12154
5663
28308
5368
18765
14507
10274
2900
5171
26738
18467
4220
29956
4753
19474
1090
23830
31049
32724
22879
3310
12074
16152
24533
26873
30047
29363
8351
19083
4341
31382
27166
996
16235
15370
22224
4805
2042
22249
12005
27155
17002
25246
9457
31276
256
21413
16252
4773
19665
22133
15922
7088
1957
10649
13752
8471
9374
10294
8360
7990
15925
26191
29254
1882
32616
24902
31821
18292
14180
24080
15438
30457
1578
3550
18037
29827
4332
7623
15332
12596
32181
21059
22838
17175
20836
20497
24469
1686
3841
13576
25944
4386
28589
8737
26490
17941
13151
17308
23006
20837
6268
7171
16167
18327
18337
22755
27788
31663
18544
31254
24975
14831
17045
26747
7115
20616
19476
31856
17250
12597
16485
19237
10514
944
26863
28270
10442
11803
5301
5951
32474
19794
29875
19456
17551
18697
4300
31642
4860
1845
18437
30514
10243
32604
16542
7715
19101
24114
32084
13333
5852
30386
31658
11111
7990
28464
26649
6310
30181
16986
29279
964
30575
29928
26386
8887
23439
25392
12236
11248
15808
9723
19814
1392
12066
9466
21212
11601
16214
19049
22950
73
26327
24306
10606
9419
24845
15132
27990
19262
8096
24037
6333
16742
13397
5552
2781
2721
28817
31269
12450
3310
5980
20608
17820
15020
7744
18022
9391
1351
10901
30007
9361
20308
14253
29406
7075
11510
28454
24225
28732
12772
12522
9952
27776
2018
22866
23528
1386
13613
25933
19076
20372
11210
4155
12395
5564
3289
8622
31960
7952
10999
27982
15541
19366
10138
10091
14832
26334
12387
24678
27991
16031
3664
18892
7281
32030
1086
17469
10769
1526
4382
26411
5262
17523
830
2383
25021
2906
28670
14666
27567
32386
12446
9849
10123
29208
14972
31251
10892
2529
16222
30833
1181
13544
3523
17523
7361
6837
9029
14709
30268
3902
676
32565
12452
32570
23703
29718
10267
15427
31024
373
32726
198
8168
26813
1894
31096
28533
16244
9833
26146
5816
25596
3547
20220
11181
13626
4543
25580
19098
8791
20266
985
23917
26760
2708
12829
16238
5529
13020
24002
13261
13231
27120
24354
31580
31699
7152
594
8468
18105
22743
22159
7851
17790
11125
16720
17127
27574
9290
8550
27257
19942
406
23559
11031
15060
31461
32237
11621
32403
2518
4637
22964
519
30095
15521
15532
25504
29782
22374
6084
25530
804
21440
8282
14080
11272
902
1047
9443
20965
13872
10435
27098
9692
13216
30485
9895
18615
8346
12462
17330
2905
18654
3530
30141
31090
20402
20663
30619
4947
28066
19266
9020
24620
10240
22695
1259
14502
22845
28652
17793
20258
30911
27978
27916
32485
4147
8633
19635
17529
14827
6785
26967
2102
19093
7777
19157
16060
30060
14756
3332
9236
17041
385
2473
24000
15337
31500
32201
16235
12477
30538
30101
16018
2115
16605
5421
30305
10059
31219
1672
32477
11940
17123
3225
19069
3617
21311
9430
2598
2726
20431
19726
31536
18075
16335
28831
9179
10700
15167
20922
13156
9509
18723
18172
31152
18738
5271
910
916
16703
12557
9861
9122
3379
18715
17851
15915
15540
31992
15173
26921
17364
26135
17776
30015
16326
7498
8731
23163
25551
25892
25368
23257
6723
21138
17232
23731
14356
19785
19112
14292
6938
32351
13621
20218
22935
26701
18735
20083
1216
3135
21020
26823
4735
9067
25294
28040
23009
7415
19352
16697
13459
19376
19627
16049
29836
24609
23109
8534
26375
14015
26707
19488
141
28903
30136
23472
11043
14970
17224
25026
17355
2102
14284
25306
7512
11190
32731
24465
31722
29149
1086
19178
918
5113
1207
22926
17156
2855
21583
19113
16113
4261
25725
27250
8664
10162
27251
16752
20229
11687
31472
16309
22037
19874
27994
21079
536
11774
15643
5586
21626
16285
10665
22875
9001
3436
22994
17362
28045
8458
23121
13799
360
77
2078
12540
14750
27900
26944
14097
24242
20862
31227
8596
18159
9798
31064
13746
32355
16025
81
30431
25682
28396
30716
7798
31886
28941
15225
21803
20324
19801
26312
30112
32460
16347
30675
1153
20886
7726
12355
12114
25510
25440
26640
13751
19692
20075
3623
30464
22063
24711
5166
11735
8281
1080
9794
4159
22309
23547
30859
19353
20623
8332
29779
17449
5117
5756
134
4065
9451
31232
27673
2611
22091
9939
12441
20632
438
6430
18037
28845
15532
651
9717
13718
19247
16673
10616
16325
22832
6425
29539
9343
24268
23256
18668
9924
12980
5509
28491
32562
24530
11030
1991
21721
19038
2794
20895
22864
22964
2490
12836
1106
27011
16261
31239
2606
7353
4394
10989
23503
13413
29671
30374
23586
6187
1892
25469
26947
26232
31268
2744
30208
17808
18220
14253
23888
25749
7731
20801
21426
10258
2743
18716
6673
4126
28308
29371
186
3920
917
23024
25877
31855
135
26723
29985
6375
16415
4281
5118
25862
14259
27056
4
12183
844
10831
32411
15147
12059
26510
24167
1586
31763
7177
14400
15087
27087
26943
31194
32497
20246
22217
32359
27333
19356
7884
10922
21079
6918
17879
31465
7221
1307
2536
32234
18603
29047
94
25147
22507
19581
18039
1472
15752
29237
18482
32063
22444
5607
16503
30050
13498
24796
23998
13347
12511
9246
23782
12175
31310
28432
19530
21761
23238
11858
12619
29874
10664
9460
21775
4786
5636
277
10479
13149
31822
3454
5252
12851
29898
13645
577
10708
24080
9079
1815
17937
16462
32391
5254
17033
24425
9032
28507
29412
5094
13708
6715
29303
3937
19147
4975
5764
28197
31934
17830
14080
9910
18411
25155
28048
21160
24578
16762
1813
7597
6030
17507
6587
4656
22177
16353
26897
9353
22672
5591
32360
3220
28164
5394
10375
157
28334
8336
31640
26043
32455
