100
Mom
Dad
Girlfriend
29639
12910
27934
32355
8657
22473
24947
20189
5846
29205
26284
24982
25671
10482
16491
16999
7194
11964
32622
30124
10789
20218
1937
25029
3905
8434
3973
5093
23671
24028
23376
16114
12740
2688
30198
17400
8482
23498
1359
9149
9579
19039
32569
5730
15587
32150
11542
18129
29940
587
26508
26167
21979
15244
6907
5157
20090
19719
11435
22491
9072
18763
5877
2922
347
15649
30481
16870
1497
17531
2666
21724
32028
32054
933
8679
24926
10050
13810
27151
21106
30985
2573
32262
28778
23988
10961
17487
19021
15393
20685
5889
31418
27934
3693
26699
26880
