>>>16 
>>>16 10,1,1,0 
>>>16 12,2,2,1 
>>>16 10,3,1,0 12,3,2,1 
>>>16 5,4,4,2 
>>>16 10,5,1,0 5,5,4,2 
>>>16 12,6,2,1 5,6,4,2 
>>>16 10,7,1,0 12,7,2,1 5,7,4,2 
>>>16 7,8,8,3 
>>>16 10,9,1,0 7,9,8,3 
>>>16 12,10,2,1 7,10,8,3 
>>>16 10,11,1,0 12,11,2,1 7,11,8,3 
>>>16 5,12,4,2 7,12,8,3 
>>>16 10,13,1,0 5,13,4,2 7,13,8,3 
>>>16 12,14,2,1 5,14,4,2 7,14,8,3 
>>>16 10,15,1,0 12,15,2,1 5,15,4,2 7,15,8,3 
NO
>>>1024 
>>>1024 45,1,1,0 
>>>1024 15,2,2,1 
>>>1024 45,3,1,0 15,3,2,1 
>>>1024 120,4,4,2 
>>>1024 45,5,1,0 120,5,4,2 
>>>1024 15,6,2,1 120,6,4,2 
>>>1024 45,7,1,0 15,7,2,1 120,7,4,2 
>>>1024 500,8,8,3 
>>>1024 45,9,1,0 500,9,8,3 
>>>1024 15,10,2,1 500,10,8,3 
>>>1024 45,11,1,0 15,11,2,1 500,11,8,3 
>>>1024 120,12,4,2 500,12,8,3 
>>>1024 45,13,1,0 120,13,4,2 500,13,8,3 
>>>1024 15,14,2,1 120,14,4,2 500,14,8,3 
>>>1024 45,15,1,0 15,15,2,1 120,15,4,2 500,15,8,3 
>>>1024 235,16,16,4 
>>>1024 45,17,1,0 235,17,16,4 
>>>1024 15,18,2,1 235,18,16,4 
>>>1024 45,19,1,0 15,19,2,1 235,19,16,4 
>>>1024 120,20,4,2 235,20,16,4 
>>>1024 45,21,1,0 120,21,4,2 235,21,16,4 
>>>1024 15,22,2,1 120,22,4,2 235,22,16,4 
>>>1024 45,23,1,0 15,23,2,1 120,23,4,2 235,23,16,4 
>>>1024 500,24,8,3 235,24,16,4 
>>>1024 45,25,1,0 500,25,8,3 235,25,16,4 
>>>1024 15,26,2,1 500,26,8,3 235,26,16,4 
>>>1024 45,27,1,0 15,27,2,1 500,27,8,3 235,27,16,4 
>>>1024 120,28,4,2 500,28,8,3 235,28,16,4 
>>>1024 45,29,1,0 120,29,4,2 500,29,8,3 235,29,16,4 
>>>1024 15,30,2,1 120,30,4,2 500,30,8,3 235,30,16,4 
>>>1024 45,31,1,0 15,31,2,1 120,31,4,2 500,31,8,3 235,31,16,4 
>>>1024 58,32,32,5 
>>>1024 45,33,1,0 58,33,32,5 
>>>1024 15,34,2,1 58,34,32,5 
>>>1024 45,35,1,0 15,35,2,1 58,35,32,5 
>>>1024 120,36,4,2 58,36,32,5 
>>>1024 45,37,1,0 120,37,4,2 58,37,32,5 
>>>1024 15,38,2,1 120,38,4,2 58,38,32,5 
>>>1024 45,39,1,0 15,39,2,1 120,39,4,2 58,39,32,5 
>>>1024 500,40,8,3 58,40,32,5 
>>>1024 45,41,1,0 500,41,8,3 58,41,32,5 
>>>1024 15,42,2,1 500,42,8,3 58,42,32,5 
>>>1024 45,43,1,0 15,43,2,1 500,43,8,3 58,43,32,5 
>>>1024 120,44,4,2 500,44,8,3 58,44,32,5 
>>>1024 45,45,1,0 120,45,4,2 500,45,8,3 58,45,32,5 
>>>1024 15,46,2,1 120,46,4,2 500,46,8,3 58,46,32,5 
>>>1024 45,47,1,0 15,47,2,1 120,47,4,2 500,47,8,3 58,47,32,5 
>>>1024 235,48,16,4 58,48,32,5 
>>>1024 45,49,1,0 235,49,16,4 58,49,32,5 
>>>1024 15,50,2,1 235,50,16,4 58,50,32,5 
>>>1024 45,51,1,0 15,51,2,1 235,51,16,4 58,51,32,5 
>>>1024 120,52,4,2 235,52,16,4 58,52,32,5 
>>>1024 45,53,1,0 120,53,4,2 235,53,16,4 58,53,32,5 
>>>1024 15,54,2,1 120,54,4,2 235,54,16,4 58,54,32,5 
>>>1024 45,55,1,0 15,55,2,1 120,55,4,2 235,55,16,4 58,55,32,5 
>>>1024 500,56,8,3 235,56,16,4 58,56,32,5 
>>>1024 45,57,1,0 500,57,8,3 235,57,16,4 58,57,32,5 
>>>1024 15,58,2,1 500,58,8,3 235,58,16,4 58,58,32,5 
>>>1024 45,59,1,0 15,59,2,1 500,59,8,3 235,59,16,4 58,59,32,5 
>>>1024 120,60,4,2 500,60,8,3 235,60,16,4 58,60,32,5 
>>>1024 45,61,1,0 120,61,4,2 500,61,8,3 235,61,16,4 58,61,32,5 
>>>1024 15,62,2,1 120,62,4,2 500,62,8,3 235,62,16,4 58,62,32,5 
>>>1024 45,63,1,0 15,63,2,1 120,63,4,2 500,63,8,3 235,63,16,4 58,63,32,5 
>>>1024 6,64,64,6 
>>>1024 45,65,1,0 6,65,64,6 
>>>1024 15,66,2,1 6,66,64,6 
>>>1024 45,67,1,0 15,67,2,1 6,67,64,6 
>>>1024 120,68,4,2 6,68,64,6 
>>>1024 45,69,1,0 120,69,4,2 6,69,64,6 
>>>1024 15,70,2,1 120,70,4,2 6,70,64,6 
>>>1024 45,71,1,0 15,71,2,1 120,71,4,2 6,71,64,6 
>>>1024 500,72,8,3 6,72,64,6 
>>>1024 45,73,1,0 500,73,8,3 6,73,64,6 
>>>1024 15,74,2,1 500,74,8,3 6,74,64,6 
>>>1024 45,75,1,0 15,75,2,1 500,75,8,3 6,75,64,6 
>>>1024 120,76,4,2 500,76,8,3 6,76,64,6 
>>>1024 45,77,1,0 120,77,4,2 500,77,8,3 6,77,64,6 
>>>1024 15,78,2,1 120,78,4,2 500,78,8,3 6,78,64,6 
>>>1024 45,79,1,0 15,79,2,1 120,79,4,2 500,79,8,3 6,79,64,6 
>>>1024 235,80,16,4 6,80,64,6 
>>>1024 45,81,1,0 235,81,16,4 6,81,64,6 
>>>1024 15,82,2,1 235,82,16,4 6,82,64,6 
>>>1024 45,83,1,0 15,83,2,1 235,83,16,4 6,83,64,6 
>>>1024 120,84,4,2 235,84,16,4 6,84,64,6 
>>>1024 45,85,1,0 120,85,4,2 235,85,16,4 6,85,64,6 
>>>1024 15,86,2,1 120,86,4,2 235,86,16,4 6,86,64,6 
>>>1024 45,87,1,0 15,87,2,1 120,87,4,2 235,87,16,4 6,87,64,6 
>>>1024 500,88,8,3 235,88,16,4 6,88,64,6 
>>>1024 45,89,1,0 500,89,8,3 235,89,16,4 6,89,64,6 
>>>1024 15,90,2,1 500,90,8,3 235,90,16,4 6,90,64,6 
>>>1024 45,91,1,0 15,91,2,1 500,91,8,3 235,91,16,4 6,91,64,6 
>>>1024 120,92,4,2 500,92,8,3 235,92,16,4 6,92,64,6 
>>>1024 45,93,1,0 120,93,4,2 500,93,8,3 235,93,16,4 6,93,64,6 
>>>1024 15,94,2,1 120,94,4,2 500,94,8,3 235,94,16,4 6,94,64,6 
>>>1024 45,95,1,0 15,95,2,1 120,95,4,2 500,95,8,3 235,95,16,4 6,95,64,6 
>>>1024 58,96,32,5 6,96,64,6 
>>>1024 45,97,1,0 58,97,32,5 6,97,64,6 
>>>1024 15,98,2,1 58,98,32,5 6,98,64,6 
>>>1024 45,99,1,0 15,99,2,1 58,99,32,5 6,99,64,6 
>>>1024 120,100,4,2 58,100,32,5 6,100,64,6 
>>>1024 45,101,1,0 120,101,4,2 58,101,32,5 6,101,64,6 
>>>1024 15,102,2,1 120,102,4,2 58,102,32,5 6,102,64,6 
>>>1024 45,103,1,0 15,103,2,1 120,103,4,2 58,103,32,5 6,103,64,6 
>>>1024 500,104,8,3 58,104,32,5 6,104,64,6 
>>>1024 45,105,1,0 500,105,8,3 58,105,32,5 6,105,64,6 
>>>1024 15,106,2,1 500,106,8,3 58,106,32,5 6,106,64,6 
>>>1024 45,107,1,0 15,107,2,1 500,107,8,3 58,107,32,5 6,107,64,6 
>>>1024 120,108,4,2 500,108,8,3 58,108,32,5 6,108,64,6 
>>>1024 45,109,1,0 120,109,4,2 500,109,8,3 58,109,32,5 6,109,64,6 
>>>1024 15,110,2,1 120,110,4,2 500,110,8,3 58,110,32,5 6,110,64,6 
>>>1024 45,111,1,0 15,111,2,1 120,111,4,2 500,111,8,3 58,111,32,5 6,111,64,6 
>>>1024 235,112,16,4 58,112,32,5 6,112,64,6 
>>>1024 45,113,1,0 235,113,16,4 58,113,32,5 6,113,64,6 
>>>1024 15,114,2,1 235,114,16,4 58,114,32,5 6,114,64,6 
>>>1024 45,115,1,0 15,115,2,1 235,115,16,4 58,115,32,5 6,115,64,6 
>>>1024 120,116,4,2 235,116,16,4 58,116,32,5 6,116,64,6 
>>>1024 45,117,1,0 120,117,4,2 235,117,16,4 58,117,32,5 6,117,64,6 
>>>1024 15,118,2,1 120,118,4,2 235,118,16,4 58,118,32,5 6,118,64,6 
>>>1024 45,119,1,0 15,119,2,1 120,119,4,2 235,119,16,4 58,119,32,5 6,119,64,6 
>>>1024 500,120,8,3 235,120,16,4 58,120,32,5 6,120,64,6 
>>>1024 45,121,1,0 500,121,8,3 235,121,16,4 58,121,32,5 6,121,64,6 
>>>1024 15,122,2,1 500,122,8,3 235,122,16,4 58,122,32,5 6,122,64,6 
>>>1024 45,123,1,0 15,123,2,1 500,123,8,3 235,123,16,4 58,123,32,5 6,123,64,6 
>>>1024 120,124,4,2 500,124,8,3 235,124,16,4 58,124,32,5 6,124,64,6 
>>>1024 45,125,1,0 120,125,4,2 500,125,8,3 235,125,16,4 58,125,32,5 6,125,64,6 
>>>1024 15,126,2,1 120,126,4,2 500,126,8,3 235,126,16,4 58,126,32,5 6,126,64,6 
>>>1024 45,127,1,0 15,127,2,1 120,127,4,2 500,127,8,3 235,127,16,4 58,127,32,5 6,127,64,6 
>>>1024 12,128,128,7 
>>>1024 45,129,1,0 12,129,128,7 
>>>1024 15,130,2,1 12,130,128,7 
>>>1024 45,131,1,0 15,131,2,1 12,131,128,7 
>>>1024 120,132,4,2 12,132,128,7 
>>>1024 45,133,1,0 120,133,4,2 12,133,128,7 
>>>1024 15,134,2,1 120,134,4,2 12,134,128,7 
>>>1024 45,135,1,0 15,135,2,1 120,135,4,2 12,135,128,7 
>>>1024 500,136,8,3 12,136,128,7 
>>>1024 45,137,1,0 500,137,8,3 12,137,128,7 
>>>1024 15,138,2,1 500,138,8,3 12,138,128,7 
>>>1024 45,139,1,0 15,139,2,1 500,139,8,3 12,139,128,7 
>>>1024 120,140,4,2 500,140,8,3 12,140,128,7 
>>>1024 45,141,1,0 120,141,4,2 500,141,8,3 12,141,128,7 
>>>1024 15,142,2,1 120,142,4,2 500,142,8,3 12,142,128,7 
>>>1024 45,143,1,0 15,143,2,1 120,143,4,2 500,143,8,3 12,143,128,7 
>>>1024 235,144,16,4 12,144,128,7 
>>>1024 45,145,1,0 235,145,16,4 12,145,128,7 
>>>1024 15,146,2,1 235,146,16,4 12,146,128,7 
>>>1024 45,147,1,0 15,147,2,1 235,147,16,4 12,147,128,7 
>>>1024 120,148,4,2 235,148,16,4 12,148,128,7 
>>>1024 45,149,1,0 120,149,4,2 235,149,16,4 12,149,128,7 
>>>1024 15,150,2,1 120,150,4,2 235,150,16,4 12,150,128,7 
>>>1024 45,151,1,0 15,151,2,1 120,151,4,2 235,151,16,4 12,151,128,7 
>>>1024 500,152,8,3 235,152,16,4 12,152,128,7 
>>>1024 45,153,1,0 500,153,8,3 235,153,16,4 12,153,128,7 
>>>1024 15,154,2,1 500,154,8,3 235,154,16,4 12,154,128,7 
>>>1024 45,155,1,0 15,155,2,1 500,155,8,3 235,155,16,4 12,155,128,7 
>>>1024 120,156,4,2 500,156,8,3 235,156,16,4 12,156,128,7 
>>>1024 45,157,1,0 120,157,4,2 500,157,8,3 235,157,16,4 12,157,128,7 
>>>1024 15,158,2,1 120,158,4,2 500,158,8,3 235,158,16,4 12,158,128,7 
>>>1024 45,159,1,0 15,159,2,1 120,159,4,2 500,159,8,3 235,159,16,4 12,159,128,7 
>>>1024 58,160,32,5 12,160,128,7 
>>>1024 45,161,1,0 58,161,32,5 12,161,128,7 
>>>1024 15,162,2,1 58,162,32,5 12,162,128,7 
>>>1024 45,163,1,0 15,163,2,1 58,163,32,5 12,163,128,7 
>>>1024 120,164,4,2 58,164,32,5 12,164,128,7 
>>>1024 45,165,1,0 120,165,4,2 58,165,32,5 12,165,128,7 
>>>1024 15,166,2,1 120,166,4,2 58,166,32,5 12,166,128,7 
>>>1024 45,167,1,0 15,167,2,1 120,167,4,2 58,167,32,5 12,167,128,7 
>>>1024 500,168,8,3 58,168,32,5 12,168,128,7 
>>>1024 45,169,1,0 500,169,8,3 58,169,32,5 12,169,128,7 
>>>1024 15,170,2,1 500,170,8,3 58,170,32,5 12,170,128,7 
>>>1024 45,171,1,0 15,171,2,1 500,171,8,3 58,171,32,5 12,171,128,7 
>>>1024 120,172,4,2 500,172,8,3 58,172,32,5 12,172,128,7 
>>>1024 45,173,1,0 120,173,4,2 500,173,8,3 58,173,32,5 12,173,128,7 
>>>1024 15,174,2,1 120,174,4,2 500,174,8,3 58,174,32,5 12,174,128,7 
>>>1024 45,175,1,0 15,175,2,1 120,175,4,2 500,175,8,3 58,175,32,5 12,175,128,7 
>>>1024 235,176,16,4 58,176,32,5 12,176,128,7 
>>>1024 45,177,1,0 235,177,16,4 58,177,32,5 12,177,128,7 
>>>1024 15,178,2,1 235,178,16,4 58,178,32,5 12,178,128,7 
>>>1024 45,179,1,0 15,179,2,1 235,179,16,4 58,179,32,5 12,179,128,7 
>>>1024 120,180,4,2 235,180,16,4 58,180,32,5 12,180,128,7 
>>>1024 45,181,1,0 120,181,4,2 235,181,16,4 58,181,32,5 12,181,128,7 
>>>1024 15,182,2,1 120,182,4,2 235,182,16,4 58,182,32,5 12,182,128,7 
>>>1024 45,183,1,0 15,183,2,1 120,183,4,2 235,183,16,4 58,183,32,5 12,183,128,7 
>>>1024 500,184,8,3 235,184,16,4 58,184,32,5 12,184,128,7 
>>>1024 45,185,1,0 500,185,8,3 235,185,16,4 58,185,32,5 12,185,128,7 
>>>1024 15,186,2,1 500,186,8,3 235,186,16,4 58,186,32,5 12,186,128,7 
>>>1024 45,187,1,0 15,187,2,1 500,187,8,3 235,187,16,4 58,187,32,5 12,187,128,7 
>>>1024 120,188,4,2 500,188,8,3 235,188,16,4 58,188,32,5 12,188,128,7 
YES
>>>32 
>>>32 25,1,1,0 
>>>32 25,2,2,1 
>>>32 25,3,1,0 25,3,2,1 
>>>32 25,4,4,2 
>>>32 25,5,1,0 25,5,4,2 
>>>32 25,6,2,1 25,6,4,2 
>>>32 25,7,1,0 25,7,2,1 25,7,4,2 
>>>32 25,8,8,3 
>>>32 25,9,1,0 25,9,8,3 
>>>32 25,10,2,1 25,10,8,3 
>>>32 25,11,1,0 25,11,2,1 25,11,8,3 
>>>32 25,12,4,2 25,12,8,3 
>>>32 25,13,1,0 25,13,4,2 25,13,8,3 
>>>32 25,14,2,1 25,14,4,2 25,14,8,3 
>>>32 25,15,1,0 25,15,2,1 25,15,4,2 25,15,8,3 
>>>32 25,16,16,4 
>>>32 25,17,1,0 25,17,16,4 
>>>32 25,18,2,1 25,18,16,4 
>>>32 25,19,1,0 25,19,2,1 25,19,16,4 
>>>32 25,20,4,2 25,20,16,4 
>>>32 25,21,1,0 25,21,4,2 25,21,16,4 
>>>32 25,22,2,1 25,22,4,2 25,22,16,4 
>>>32 25,23,1,0 25,23,2,1 25,23,4,2 25,23,16,4 
>>>32 25,24,8,3 25,24,16,4 
>>>32 25,25,1,0 25,25,8,3 25,25,16,4 
>>>32 25,26,2,1 25,26,8,3 25,26,16,4 
>>>32 25,27,1,0 25,27,2,1 25,27,8,3 25,27,16,4 
>>>32 25,28,4,2 25,28,8,3 25,28,16,4 
>>>32 25,29,1,0 25,29,4,2 25,29,8,3 25,29,16,4 
>>>32 25,30,2,1 25,30,4,2 25,30,8,3 25,30,16,4 
>>>32 25,31,1,0 25,31,2,1 25,31,4,2 25,31,8,3 25,31,16,4 
NO
>>>4 
YES
