7
01??00
001010
01
10
110001
000000
101010011010?????111010101010???11010101010????1010101010?????10101010???1010101001???101010?1101001
1110010101010100100000010101010010101010100101010111111111000001011010100101000001010100101010100000
1111111111111111111111111111111111111111111111111110000000000000000000000000000000000000000000000000
0000000000000000000000000000000000000000000000000001111111111111111111111111111111111111111111111111
1111111111111111111111111111111111111111111111111100000000000000000000000000000000000000000000000000
0000000000000000000000000000000000000000000000000011111111111111111111111111111111111111111111111111
11111111111111111111111111111111111111111111111111??????????????????????????????????????????????????
0000000000000000000000000000000000000000000000000011111111111111111111111111111111111111111111111111
