0011
0101
0110
1001
1010
1100

1111111111111111

0000000000001111
0000000000010111
0000000000011011
0000000000011101
0000000000011110
0000000000100111
0000000000101011
0000000000101101
0000000000101110
0000000000110011
0000000000110101
0000000000110110
0000000000111001
0000000000111010
0000000000111100
0000000001000111
0000000001001011
0000000001001101
0000000001001110
0000000001010011
0000000001010101
0000000001010110
0000000001011001
0000000001011010
0000000001011100
0000000001100011
0000000001100101
0000000001100110
0000000001101001
0000000001101010
0000000001101100
0000000001110001
0000000001110010
0000000001110100
0000000001111000
0000000010000111
0000000010001011
0000000010001101
0000000010001110
0000000010010011
0000000010010101
0000000010010110
0000000010011001
0000000010011010
0000000010011100
0000000010100011
0000000010100101
0000000010100110
0000000010101001
0000000010101010
0000000010101100
0000000010110001
0000000010110010
0000000010110100
0000000010111000
0000000011000011
0000000011000101
0000000011000110
0000000011001001
0000000011001010
0000000011001100
0000000011010001
0000000011010010
0000000011010100
0000000011011000
0000000011100001
0000000011100010
0000000011100100
0000000011101000
0000000011110000
0000000100000111
0000000100001011
0000000100001101
0000000100001110
0000000100010011
0000000100010101
0000000100010110
0000000100011001
0000000100011010
0000000100011100
0000000100100011
0000000100100101
0000000100100110
0000000100101001
0000000100101010
0000000100101100
0000000100110001
0000000100110010
0000000100110100
0000000100111000
0000000101000011
0000000101000101
0000000101000110
0000000101001001
0000000101001010
0000000101001100
0000000101010001
0000000101010010
0000000101010100
0000000101011000
0000000101100001
0000000101100010
0000000101100100
0000000101101000
0000000101110000
0000000110000011
0000000110000101
0000000110000110
0000000110001001
0000000110001010
0000000110001100
0000000110010001
0000000110010010
0000000110010100
0000000110011000
0000000110100001
0000000110100010
0000000110100100
0000000110101000
0000000110110000
0000000111000001
0000000111000010
0000000111000100
0000000111001000
0000000111010000
0000000111100000
0000001000000111
0000001000001011
0000001000001101
0000001000001110
0000001000010011
0000001000010101
0000001000010110
0000001000011001
0000001000011010
0000001000011100
0000001000100011
0000001000100101
0000001000100110
0000001000101001
0000001000101010
0000001000101100
0000001000110001
0000001000110010
0000001000110100
0000001000111000
0000001001000011
0000001001000101
0000001001000110
0000001001001001
0000001001001010
0000001001001100
0000001001010001
0000001001010010
0000001001010100
0000001001011000
0000001001100001
0000001001100010
0000001001100100
0000001001101000
0000001001110000
0000001010000011
0000001010000101
0000001010000110
0000001010001001
0000001010001010
0000001010001100
0000001010010001
0000001010010010
0000001010010100
0000001010011000
0000001010100001
0000001010100010
0000001010100100
0000001010101000
0000001010110000
0000001011000001
0000001011000010
0000001011000100
0000001011001000
0000001011010000
0000001011100000
0000001100000011
0000001100000101
0000001100000110
0000001100001001
0000001100001010
0000001100001100
0000001100010001
0000001100010010
0000001100010100
0000001100011000
0000001100100001
0000001100100010
0000001100100100
0000001100101000
0000001100110000
0000001101000001
0000001101000010
0000001101000100
0000001101001000
0000001101010000
0000001101100000
0000001110000001
0000001110000010
0000001110000100
0000001110001000
0000001110010000
0000001110100000
0000001111000000
0000010000000111
0000010000001011
0000010000001101
0000010000001110
0000010000010011
0000010000010101
0000010000010110
0000010000011001
0000010000011010
0000010000011100
0000010000100011
0000010000100101
0000010000100110
0000010000101001
0000010000101010
0000010000101100
0000010000110001
0000010000110010
0000010000110100
0000010000111000
0000010001000011
0000010001000101
0000010001000110
0000010001001001
0000010001001010
0000010001001100
0000010001010001
0000010001010010
0000010001010100
0000010001011000
0000010001100001
0000010001100010
0000010001100100
0000010001101000
0000010001110000
0000010010000011
0000010010000101
0000010010000110
0000010010001001
0000010010001010
0000010010001100
0000010010010001
0000010010010010
0000010010010100
0000010010011000
0000010010100001
0000010010100010
0000010010100100
0000010010101000
0000010010110000
0000010011000001
0000010011000010
0000010011000100
0000010011001000
0000010011010000
0000010011100000
0000010100000011
0000010100000101
0000010100000110
0000010100001001
0000010100001010
0000010100001100
0000010100010001
0000010100010010
0000010100010100
0000010100011000
0000010100100001
0000010100100010
0000010100100100
0000010100101000
0000010100110000
0000010101000001
0000010101000010
0000010101000100
0000010101001000
0000010101010000
0000010101100000
0000010110000001
0000010110000010
0000010110000100
0000010110001000
0000010110010000
0000010110100000
0000010111000000
0000011000000011
0000011000000101
0000011000000110
0000011000001001
0000011000001010
0000011000001100
0000011000010001
0000011000010010
0000011000010100
0000011000011000
0000011000100001
0000011000100010
0000011000100100
0000011000101000
0000011000110000
0000011001000001
0000011001000010
0000011001000100
0000011001001000
0000011001010000
0000011001100000
0000011010000001
0000011010000010
0000011010000100
0000011010001000
0000011010010000
0000011010100000
0000011011000000
0000011100000001
0000011100000010
0000011100000100
0000011100001000
0000011100010000
0000011100100000
0000011101000000
0000011110000000
0000100000000111
0000100000001011
0000100000001101
0000100000001110
0000100000010011
0000100000010101
0000100000010110
0000100000011001
0000100000011010
0000100000011100
0000100000100011
0000100000100101
0000100000100110
0000100000101001
0000100000101010
0000100000101100
0000100000110001
0000100000110010
0000100000110100
0000100000111000
0000100001000011
0000100001000101
0000100001000110
0000100001001001
0000100001001010
0000100001001100
0000100001010001
0000100001010010
0000100001010100
0000100001011000
0000100001100001
0000100001100010
0000100001100100
0000100001101000
0000100001110000
0000100010000011
0000100010000101
0000100010000110
0000100010001001
0000100010001010
0000100010001100
0000100010010001
0000100010010010
0000100010010100
0000100010011000
0000100010100001
0000100010100010
0000100010100100
0000100010101000
0000100010110000
0000100011000001
0000100011000010
0000100011000100
0000100011001000
0000100011010000
0000100011100000
0000100100000011
0000100100000101
0000100100000110
0000100100001001
0000100100001010
0000100100001100
0000100100010001
0000100100010010
0000100100010100
0000100100011000
0000100100100001
0000100100100010
0000100100100100
0000100100101000
0000100100110000
0000100101000001
0000100101000010
0000100101000100
0000100101001000
0000100101010000
0000100101100000
0000100110000001
0000100110000010
0000100110000100
0000100110001000
0000100110010000
0000100110100000
0000100111000000
0000101000000011
0000101000000101
0000101000000110
0000101000001001
0000101000001010
0000101000001100
0000101000010001
0000101000010010
0000101000010100
0000101000011000
0000101000100001
0000101000100010
0000101000100100
0000101000101000
0000101000110000
0000101001000001
0000101001000010
0000101001000100
0000101001001000
0000101001010000
0000101001100000
0000101010000001
0000101010000010
0000101010000100
0000101010001000
0000101010010000
0000101010100000
0000101011000000
0000101100000001
0000101100000010
0000101100000100
0000101100001000
0000101100010000
0000101100100000
0000101101000000
0000101110000000
0000110000000011
0000110000000101
0000110000000110
0000110000001001
0000110000001010
0000110000001100
0000110000010001
0000110000010010
0000110000010100
0000110000011000
0000110000100001
0000110000100010
0000110000100100
0000110000101000
0000110000110000
0000110001000001
0000110001000010
0000110001000100
0000110001001000
0000110001010000
0000110001100000
0000110010000001
0000110010000010
0000110010000100
0000110010001000
0000110010010000
0000110010100000
0000110011000000
0000110100000001
0000110100000010
0000110100000100
0000110100001000
0000110100010000
0000110100100000
0000110101000000
0000110110000000
0000111000000001
0000111000000010
0000111000000100
0000111000001000
0000111000010000
0000111000100000
0000111001000000
0000111010000000
0000111100000000
0001000000000111
0001000000001011
0001000000001101
0001000000001110
0001000000010011
0001000000010101
0001000000010110
0001000000011001
0001000000011010
0001000000011100
0001000000100011
0001000000100101
0001000000100110
0001000000101001
0001000000101010
0001000000101100
0001000000110001
0001000000110010
0001000000110100
0001000000111000
0001000001000011
0001000001000101
0001000001000110
0001000001001001
0001000001001010
0001000001001100
0001000001010001
0001000001010010
0001000001010100
0001000001011000
0001000001100001
0001000001100010
0001000001100100
0001000001101000
0001000001110000
0001000010000011
0001000010000101
0001000010000110
0001000010001001
0001000010001010
0001000010001100
0001000010010001
0001000010010010
0001000010010100
0001000010011000
0001000010100001
0001000010100010
0001000010100100
0001000010101000
0001000010110000
0001000011000001
0001000011000010
0001000011000100
0001000011001000
0001000011010000
0001000011100000
0001000100000011
0001000100000101
0001000100000110
0001000100001001
0001000100001010
0001000100001100
0001000100010001
0001000100010010
0001000100010100
0001000100011000
0001000100100001
0001000100100010
0001000100100100
0001000100101000
0001000100110000
0001000101000001
0001000101000010
0001000101000100
0001000101001000
0001000101010000
0001000101100000
0001000110000001
0001000110000010
0001000110000100
0001000110001000
0001000110010000
0001000110100000
0001000111000000
0001001000000011
0001001000000101
0001001000000110
0001001000001001
0001001000001010
0001001000001100
0001001000010001
0001001000010010
0001001000010100
0001001000011000
0001001000100001
0001001000100010
0001001000100100
0001001000101000
0001001000110000
0001001001000001
0001001001000010
0001001001000100
0001001001001000
0001001001010000
0001001001100000
0001001010000001
0001001010000010
0001001010000100
0001001010001000
0001001010010000
0001001010100000
0001001011000000
0001001100000001
0001001100000010
0001001100000100
0001001100001000
0001001100010000
0001001100100000
0001001101000000
0001001110000000
0001010000000011
0001010000000101
0001010000000110
0001010000001001
0001010000001010
0001010000001100
0001010000010001
0001010000010010
0001010000010100
0001010000011000
0001010000100001
0001010000100010
0001010000100100
0001010000101000
0001010000110000
0001010001000001
0001010001000010
0001010001000100
0001010001001000
0001010001010000
0001010001100000
0001010010000001
0001010010000010
0001010010000100
0001010010001000
0001010010010000
0001010010100000
0001010011000000
0001010100000001
0001010100000010
0001010100000100
0001010100001000
0001010100010000
0001010100100000
0001010101000000
0001010110000000
0001011000000001
0001011000000010
0001011000000100
0001011000001000
0001011000010000
0001011000100000
0001011001000000
0001011010000000
0001011100000000
0001100000000011
0001100000000101
0001100000000110
0001100000001001
0001100000001010
0001100000001100
0001100000010001
0001100000010010
0001100000010100
0001100000011000
0001100000100001
0001100000100010
0001100000100100
0001100000101000
0001100000110000
0001100001000001
0001100001000010
0001100001000100
0001100001001000
0001100001010000
0001100001100000
0001100010000001
0001100010000010
0001100010000100
0001100010001000
0001100010010000
0001100010100000
0001100011000000
0001100100000001
0001100100000010
0001100100000100
0001100100001000
0001100100010000
0001100100100000
0001100101000000
0001100110000000
0001101000000001
0001101000000010
0001101000000100
0001101000001000
0001101000010000
0001101000100000
0001101001000000
0001101010000000
0001101100000000
0001110000000001
0001110000000010
0001110000000100
0001110000001000
0001110000010000
0001110000100000
0001110001000000
0001110010000000
0001110100000000
0001111000000000
0010000000000111
0010000000001011
0010000000001101
0010000000001110
0010000000010011
0010000000010101
0010000000010110
0010000000011001
0010000000011010
0010000000011100
0010000000100011
0010000000100101
0010000000100110
0010000000101001
0010000000101010
0010000000101100
0010000000110001
0010000000110010
0010000000110100
0010000000111000
0010000001000011
0010000001000101
0010000001000110
0010000001001001
0010000001001010
0010000001001100
0010000001010001
0010000001010010
0010000001010100
0010000001011000
0010000001100001
0010000001100010
0010000001100100
0010000001101000
0010000001110000
0010000010000011
0010000010000101
0010000010000110
0010000010001001
0010000010001010
0010000010001100
0010000010010001
0010000010010010
0010000010010100
0010000010011000
0010000010100001
0010000010100010
0010000010100100
0010000010101000
0010000010110000
0010000011000001
0010000011000010
0010000011000100
0010000011001000
0010000011010000
0010000011100000
0010000100000011
0010000100000101
0010000100000110
0010000100001001
0010000100001010
0010000100001100
0010000100010001
0010000100010010
0010000100010100
0010000100011000
0010000100100001
0010000100100010
0010000100100100
0010000100101000
0010000100110000
0010000101000001
0010000101000010
0010000101000100
0010000101001000
0010000101010000
0010000101100000
0010000110000001
0010000110000010
0010000110000100
0010000110001000
0010000110010000
0010000110100000
0010000111000000
0010001000000011
0010001000000101
0010001000000110
0010001000001001
0010001000001010
0010001000001100
0010001000010001
0010001000010010
0010001000010100
0010001000011000
0010001000100001
0010001000100010
0010001000100100
0010001000101000
0010001000110000
0010001001000001
0010001001000010
0010001001000100
0010001001001000
0010001001010000
0010001001100000
0010001010000001
0010001010000010
0010001010000100
0010001010001000
0010001010010000
0010001010100000
0010001011000000
0010001100000001
0010001100000010
0010001100000100
0010001100001000
0010001100010000
0010001100100000
0010001101000000
0010001110000000
0010010000000011
0010010000000101
0010010000000110
0010010000001001
0010010000001010
0010010000001100
0010010000010001
0010010000010010
0010010000010100
0010010000011000
0010010000100001
0010010000100010
0010010000100100
0010010000101000
0010010000110000
0010010001000001
0010010001000010
0010010001000100
0010010001001000
0010010001010000
0010010001100000
0010010010000001
0010010010000010
0010010010000100
0010010010001000
0010010010010000
0010010010100000
0010010011000000
0010010100000001
0010010100000010
0010010100000100
0010010100001000
0010010100010000
0010010100100000
0010010101000000
0010010110000000
0010011000000001
0010011000000010
0010011000000100
0010011000001000
0010011000010000
0010011000100000
0010011001000000
0010011010000000
0010011100000000
0010100000000011
0010100000000101
0010100000000110
0010100000001001
0010100000001010
0010100000001100
0010100000010001
0010100000010010
0010100000010100
0010100000011000
0010100000100001
0010100000100010
0010100000100100
0010100000101000
0010100000110000
0010100001000001
0010100001000010
0010100001000100
0010100001001000
0010100001010000
0010100001100000
0010100010000001
0010100010000010
0010100010000100
0010100010001000
0010100010010000
0010100010100000
0010100011000000
0010100100000001
0010100100000010
0010100100000100
0010100100001000
0010100100010000
0010100100100000
0010100101000000
0010100110000000
0010101000000001
0010101000000010
0010101000000100
0010101000001000
0010101000010000
0010101000100000
0010101001000000
0010101010000000
0010101100000000
0010110000000001
0010110000000010
0010110000000100
0010110000001000
0010110000010000
0010110000100000
0010110001000000
0010110010000000
0010110100000000
0010111000000000
0011000000000011
0011000000000101
0011000000000110
0011000000001001
0011000000001010
0011000000001100
0011000000010001
0011000000010010
0011000000010100
0011000000011000
0011000000100001
0011000000100010
0011000000100100
0011000000101000
0011000000110000
0011000001000001
0011000001000010
0011000001000100
0011000001001000
0011000001010000
0011000001100000
0011000010000001
0011000010000010
0011000010000100
0011000010001000
0011000010010000
0011000010100000
0011000011000000
0011000100000001
0011000100000010
0011000100000100
0011000100001000
0011000100010000
0011000100100000
0011000101000000
0011000110000000
0011001000000001
0011001000000010
0011001000000100
0011001000001000
0011001000010000
0011001000100000
0011001001000000
0011001010000000
0011001100000000
0011010000000001
0011010000000010
0011010000000100
0011010000001000
0011010000010000
0011010000100000
0011010001000000
0011010010000000
0011010100000000
0011011000000000
0011100000000001
0011100000000010
0011100000000100
0011100000001000
0011100000010000
0011100000100000
0011100001000000
0011100010000000
0011100100000000
0011101000000000
0011110000000000
0100000000000111
0100000000001011
0100000000001101
0100000000001110
0100000000010011
0100000000010101
0100000000010110
0100000000011001
0100000000011010
0100000000011100
0100000000100011
0100000000100101
0100000000100110
0100000000101001
0100000000101010
0100000000101100
0100000000110001
0100000000110010
0100000000110100
0100000000111000
0100000001000011
0100000001000101
0100000001000110
0100000001001001
0100000001001010
0100000001001100
0100000001010001
0100000001010010
0100000001010100
0100000001011000
0100000001100001
0100000001100010
0100000001100100
0100000001101000
0100000001110000
0100000010000011
0100000010000101
0100000010000110
0100000010001001
0100000010001010
0100000010001100
0100000010010001
0100000010010010
0100000010010100
0100000010011000
0100000010100001
0100000010100010
0100000010100100
0100000010101000
0100000010110000
0100000011000001
0100000011000010
0100000011000100
0100000011001000
0100000011010000
0100000011100000
0100000100000011
0100000100000101
0100000100000110
0100000100001001
0100000100001010
0100000100001100
0100000100010001
0100000100010010
0100000100010100
0100000100011000
0100000100100001
0100000100100010
0100000100100100
0100000100101000
0100000100110000
0100000101000001
0100000101000010
0100000101000100
0100000101001000
0100000101010000
0100000101100000
0100000110000001
0100000110000010
0100000110000100
0100000110001000
0100000110010000
0100000110100000
0100000111000000
0100001000000011
0100001000000101
0100001000000110
0100001000001001
0100001000001010
0100001000001100
0100001000010001
0100001000010010
0100001000010100
0100001000011000
0100001000100001
0100001000100010
0100001000100100
0100001000101000
0100001000110000
0100001001000001
0100001001000010
0100001001000100
0100001001001000
0100001001010000
0100001001100000
0100001010000001
0100001010000010
0100001010000100
0100001010001000
0100001010010000
0100001010100000
0100001011000000
0100001100000001
0100001100000010
0100001100000100
0100001100001000
0100001100010000
0100001100100000
0100001101000000
0100001110000000
0100010000000011
0100010000000101
0100010000000110
0100010000001001
0100010000001010
0100010000001100
0100010000010001
0100010000010010
0100010000010100
0100010000011000
0100010000100001
0100010000100010
0100010000100100
0100010000101000
0100010000110000
0100010001000001
0100010001000010
0100010001000100
0100010001001000
0100010001010000
0100010001100000
0100010010000001
0100010010000010
0100010010000100
0100010010001000
0100010010010000
0100010010100000
0100010011000000
0100010100000001
0100010100000010
0100010100000100
0100010100001000
0100010100010000
0100010100100000
0100010101000000
0100010110000000
0100011000000001
0100011000000010
0100011000000100
0100011000001000
0100011000010000
0100011000100000
0100011001000000
0100011010000000
0100011100000000
0100100000000011
0100100000000101
0100100000000110
0100100000001001
0100100000001010
0100100000001100
0100100000010001
0100100000010010
0100100000010100
0100100000011000
0100100000100001
0100100000100010
0100100000100100
0100100000101000
0100100000110000
0100100001000001
0100100001000010
0100100001000100
0100100001001000
0100100001010000
0100100001100000
0100100010000001
0100100010000010
0100100010000100
0100100010001000
0100100010010000
0100100010100000
0100100011000000
0100100100000001
0100100100000010
0100100100000100
0100100100001000
0100100100010000
0100100100100000
0100100101000000
0100100110000000
0100101000000001
0100101000000010
0100101000000100
0100101000001000
0100101000010000
0100101000100000
0100101001000000
0100101010000000
0100101100000000
0100110000000001
0100110000000010
0100110000000100
0100110000001000
0100110000010000
0100110000100000
0100110001000000
0100110010000000
0100110100000000
0100111000000000
0101000000000011
0101000000000101
0101000000000110
0101000000001001
0101000000001010
0101000000001100
0101000000010001
0101000000010010
0101000000010100
0101000000011000
0101000000100001
0101000000100010
0101000000100100
0101000000101000
0101000000110000
0101000001000001
0101000001000010
0101000001000100
0101000001001000
0101000001010000
0101000001100000
0101000010000001
0101000010000010
0101000010000100
0101000010001000
0101000010010000
0101000010100000
0101000011000000
0101000100000001
0101000100000010
0101000100000100
0101000100001000
0101000100010000
0101000100100000
0101000101000000
0101000110000000
0101001000000001
0101001000000010
0101001000000100
0101001000001000
0101001000010000
0101001000100000
0101001001000000
0101001010000000
0101001100000000
0101010000000001
0101010000000010
0101010000000100
0101010000001000
0101010000010000
0101010000100000
0101010001000000
0101010010000000
0101010100000000
0101011000000000
0101100000000001
0101100000000010
0101100000000100
0101100000001000
0101100000010000
0101100000100000
0101100001000000
0101100010000000
0101100100000000
0101101000000000
0101110000000000
0110000000000011
0110000000000101
0110000000000110
0110000000001001
0110000000001010
0110000000001100
0110000000010001
0110000000010010
0110000000010100
0110000000011000
0110000000100001
0110000000100010
0110000000100100
0110000000101000
0110000000110000
0110000001000001
0110000001000010
0110000001000100
0110000001001000
0110000001010000
0110000001100000
0110000010000001
0110000010000010
0110000010000100
0110000010001000
0110000010010000
0110000010100000
0110000011000000
0110000100000001
0110000100000010
0110000100000100
0110000100001000
0110000100010000
0110000100100000
0110000101000000
0110000110000000
0110001000000001
0110001000000010
0110001000000100
0110001000001000
0110001000010000
0110001000100000
0110001001000000
0110001010000000
0110001100000000
0110010000000001
0110010000000010
0110010000000100
0110010000001000
0110010000010000
0110010000100000
0110010001000000
0110010010000000
0110010100000000
0110011000000000
0110100000000001
0110100000000010
0110100000000100
0110100000001000
0110100000010000
0110100000100000
0110100001000000
0110100010000000
0110100100000000
0110101000000000
0110110000000000
0111000000000001
0111000000000010
0111000000000100
0111000000001000
0111000000010000
0111000000100000
0111000001000000
0111000010000000
0111000100000000
0111001000000000
0111010000000000
0111100000000000
1000000000000111
1000000000001011
1000000000001101
1000000000001110
1000000000010011
1000000000010101
1000000000010110
1000000000011001
1000000000011010
1000000000011100
1000000000100011
1000000000100101
1000000000100110
1000000000101001
1000000000101010
1000000000101100
1000000000110001
1000000000110010
1000000000110100
1000000000111000
1000000001000011
1000000001000101
1000000001000110
1000000001001001
1000000001001010
1000000001001100
1000000001010001
1000000001010010
1000000001010100
1000000001011000
1000000001100001
1000000001100010
1000000001100100
1000000001101000
1000000001110000
1000000010000011
1000000010000101
1000000010000110
1000000010001001
1000000010001010
1000000010001100
1000000010010001
1000000010010010
1000000010010100
1000000010011000
1000000010100001
1000000010100010
1000000010100100
1000000010101000
1000000010110000
1000000011000001
1000000011000010
1000000011000100
1000000011001000
1000000011010000
1000000011100000
1000000100000011
1000000100000101
1000000100000110
1000000100001001
1000000100001010
1000000100001100
1000000100010001
1000000100010010
1000000100010100
1000000100011000
1000000100100001
1000000100100010
1000000100100100
1000000100101000
1000000100110000
1000000101000001
1000000101000010
1000000101000100
1000000101001000
1000000101010000
1000000101100000
1000000110000001
1000000110000010
1000000110000100
1000000110001000
1000000110010000
1000000110100000
1000000111000000
1000001000000011
1000001000000101
1000001000000110
1000001000001001
1000001000001010
1000001000001100
1000001000010001
1000001000010010
1000001000010100
1000001000011000
1000001000100001
1000001000100010
1000001000100100
1000001000101000
1000001000110000
1000001001000001
1000001001000010
1000001001000100
1000001001001000
1000001001010000
1000001001100000
1000001010000001
1000001010000010
1000001010000100
1000001010001000
1000001010010000
1000001010100000
1000001011000000
1000001100000001
1000001100000010
1000001100000100
1000001100001000
1000001100010000
1000001100100000
1000001101000000
1000001110000000
1000010000000011
1000010000000101
1000010000000110
1000010000001001
1000010000001010
1000010000001100
1000010000010001
1000010000010010
1000010000010100
1000010000011000
1000010000100001
1000010000100010
1000010000100100
1000010000101000
1000010000110000
1000010001000001
1000010001000010
1000010001000100
1000010001001000
1000010001010000
1000010001100000
1000010010000001
1000010010000010
1000010010000100
1000010010001000
1000010010010000
1000010010100000
1000010011000000
1000010100000001
1000010100000010
1000010100000100
1000010100001000
1000010100010000
1000010100100000
1000010101000000
1000010110000000
1000011000000001
1000011000000010
1000011000000100
1000011000001000
1000011000010000
1000011000100000
1000011001000000
1000011010000000
1000011100000000
1000100000000011
1000100000000101
1000100000000110
1000100000001001
1000100000001010
1000100000001100
1000100000010001
1000100000010010
1000100000010100
1000100000011000
1000100000100001
1000100000100010
1000100000100100
1000100000101000
1000100000110000
1000100001000001
1000100001000010
1000100001000100
1000100001001000
1000100001010000
1000100001100000
1000100010000001
1000100010000010
1000100010000100
1000100010001000
1000100010010000
1000100010100000
1000100011000000
1000100100000001
1000100100000010
1000100100000100
1000100100001000
1000100100010000
1000100100100000
1000100101000000
1000100110000000
1000101000000001
1000101000000010
1000101000000100
1000101000001000
1000101000010000
1000101000100000
1000101001000000
1000101010000000
1000101100000000
1000110000000001
1000110000000010
1000110000000100
1000110000001000
1000110000010000
1000110000100000
1000110001000000
1000110010000000
1000110100000000
1000111000000000
1001000000000011
1001000000000101
1001000000000110
1001000000001001
1001000000001010
1001000000001100
1001000000010001
1001000000010010
1001000000010100
1001000000011000
1001000000100001
1001000000100010
1001000000100100
1001000000101000
1001000000110000
1001000001000001
1001000001000010
1001000001000100
1001000001001000
1001000001010000
1001000001100000
1001000010000001
1001000010000010
1001000010000100
1001000010001000
1001000010010000
1001000010100000
1001000011000000
1001000100000001
1001000100000010
1001000100000100
1001000100001000
1001000100010000
1001000100100000
1001000101000000
1001000110000000
1001001000000001
1001001000000010
1001001000000100
1001001000001000
1001001000010000
1001001000100000
1001001001000000
1001001010000000
1001001100000000
1001010000000001
1001010000000010
1001010000000100
1001010000001000
1001010000010000
1001010000100000
1001010001000000
1001010010000000
1001010100000000
1001011000000000
1001100000000001
1001100000000010
1001100000000100
1001100000001000
1001100000010000
1001100000100000
1001100001000000
1001100010000000
1001100100000000
1001101000000000
1001110000000000
1010000000000011
1010000000000101
1010000000000110
1010000000001001
1010000000001010
1010000000001100
1010000000010001
1010000000010010
1010000000010100
1010000000011000
1010000000100001
1010000000100010
1010000000100100
1010000000101000
1010000000110000
1010000001000001
1010000001000010
1010000001000100
1010000001001000
1010000001010000
1010000001100000
1010000010000001
1010000010000010
1010000010000100
1010000010001000
1010000010010000
1010000010100000
1010000011000000
1010000100000001
1010000100000010
1010000100000100
1010000100001000
1010000100010000
1010000100100000
1010000101000000
1010000110000000
1010001000000001
1010001000000010
1010001000000100
1010001000001000
1010001000010000
1010001000100000
1010001001000000
1010001010000000
1010001100000000
1010010000000001
1010010000000010
1010010000000100
1010010000001000
1010010000010000
1010010000100000
1010010001000000
1010010010000000
1010010100000000
1010011000000000
1010100000000001
1010100000000010
1010100000000100
1010100000001000
1010100000010000
1010100000100000
1010100001000000
1010100010000000
1010100100000000
1010101000000000
1010110000000000
1011000000000001
1011000000000010
1011000000000100
1011000000001000
1011000000010000
1011000000100000
1011000001000000
1011000010000000
1011000100000000
1011001000000000
1011010000000000
1011100000000000
1100000000000011
1100000000000101
1100000000000110
1100000000001001
1100000000001010
1100000000001100
1100000000010001
1100000000010010
1100000000010100
1100000000011000
1100000000100001
1100000000100010
1100000000100100
1100000000101000
1100000000110000
1100000001000001
1100000001000010
1100000001000100
1100000001001000
1100000001010000
1100000001100000
1100000010000001
1100000010000010
1100000010000100
1100000010001000
1100000010010000
1100000010100000
1100000011000000
1100000100000001
1100000100000010
1100000100000100
1100000100001000
1100000100010000
1100000100100000
1100000101000000
1100000110000000
1100001000000001
1100001000000010
1100001000000100
1100001000001000
1100001000010000
1100001000100000
1100001001000000
1100001010000000
1100001100000000
1100010000000001
1100010000000010
1100010000000100
1100010000001000
1100010000010000
1100010000100000
1100010001000000
1100010010000000
1100010100000000
1100011000000000
1100100000000001
1100100000000010
1100100000000100
1100100000001000
1100100000010000
1100100000100000
1100100001000000
1100100010000000
1100100100000000
1100101000000000
1100110000000000
1101000000000001
1101000000000010
1101000000000100
1101000000001000
1101000000010000
1101000000100000
1101000001000000
1101000010000000
1101000100000000
1101001000000000
1101010000000000
1101100000000000
1110000000000001
1110000000000010
1110000000000100
1110000000001000
1110000000010000
1110000000100000
1110000001000000
1110000010000000
1110000100000000
1110001000000000
1110010000000000
1110100000000000
1111000000000000
